frame,time,pred_class,conf,prob_walk,prob_lick,prob_scratch,prob_shake,prob_stop
24,0.8,stop,0.9515,0.0016,0.0081,0.0018,0.0370,0.9515
26,0.867,stop,0.9545,0.0016,0.0079,0.0018,0.0342,0.9545
28,0.933,stop,0.9660,0.0014,0.0072,0.0017,0.0237,0.9660
30,1.0,stop,0.9653,0.0014,0.0074,0.0019,0.0240,0.9653
32,1.067,stop,0.9676,0.0016,0.0076,0.0020,0.0211,0.9676
34,1.133,stop,0.9679,0.0022,0.0081,0.0022,0.0198,0.9679
36,1.2,stop,0.9700,0.0030,0.0084,0.0025,0.0162,0.9700
38,1.267,stop,0.9714,0.0033,0.0085,0.0027,0.0140,0.9714
40,1.333,stop,0.9661,0.0038,0.0091,0.0029,0.0181,0.9661
42,1.4,stop,0.9631,0.0043,0.0094,0.0031,0.0201,0.9631
44,1.467,stop,0.9494,0.0044,0.0102,0.0033,0.0327,0.9494
46,1.533,stop,0.9417,0.0044,0.0104,0.0032,0.0401,0.9417
48,1.6,stop,0.9355,0.0044,0.0104,0.0030,0.0466,0.9355
50,1.667,stop,0.9294,0.0049,0.0106,0.0030,0.0521,0.9294
52,1.733,stop,0.9248,0.0054,0.0105,0.0030,0.0563,0.9248
54,1.8,stop,0.9078,0.0051,0.0107,0.0029,0.0735,0.9078
56,1.867,stop,0.8854,0.0047,0.0107,0.0027,0.0965,0.8854
58,1.933,stop,0.8778,0.0062,0.0111,0.0026,0.1022,0.8778
60,2.0,stop,0.8927,0.0088,0.0113,0.0027,0.0845,0.8927
62,2.067,stop,0.8974,0.0096,0.0112,0.0026,0.0791,0.8974
64,2.133,stop,0.9055,0.0124,0.0115,0.0029,0.0678,0.9055
66,2.2,stop,0.9188,0.0134,0.0112,0.0029,0.0537,0.9188
68,2.267,stop,0.9178,0.0141,0.0115,0.0031,0.0534,0.9178
70,2.333,stop,0.8876,0.0128,0.0120,0.0033,0.0843,0.8876
72,2.4,stop,0.8624,0.0115,0.0123,0.0034,0.1104,0.8624
74,2.467,stop,0.8415,0.0104,0.0126,0.0034,0.1321,0.8415
76,2.533,stop,0.8535,0.0104,0.0129,0.0035,0.1197,0.8535
78,2.6,stop,0.8659,0.0105,0.0131,0.0036,0.1069,0.8659
80,2.667,stop,0.8661,0.0122,0.0136,0.0038,0.1043,0.8661
82,2.733,stop,0.8619,0.0140,0.0141,0.0042,0.1059,0.8619
84,2.8,stop,0.8701,0.0167,0.0145,0.0045,0.0942,0.8701
86,2.867,stop,0.8836,0.0181,0.0144,0.0045,0.0793,0.8836
88,2.933,stop,0.8921,0.0192,0.0147,0.0047,0.0694,0.8921
90,3.0,stop,0.8972,0.0227,0.0149,0.0047,0.0605,0.8972
92,3.067,stop,0.9234,0.0208,0.0139,0.0044,0.0376,0.9234
94,3.133,stop,0.9258,0.0208,0.0137,0.0044,0.0352,0.9258
96,3.2,stop,0.9284,0.0190,0.0134,0.0042,0.0350,0.9284
98,3.267,stop,0.9307,0.0137,0.0130,0.0036,0.0390,0.9307
100,3.333,stop,0.9300,0.0115,0.0127,0.0033,0.0424,0.9300
102,3.4,stop,0.9288,0.0112,0.0127,0.0032,0.0441,0.9288
104,3.467,stop,0.9294,0.0121,0.0128,0.0033,0.0424,0.9294
106,3.533,stop,0.9321,0.0138,0.0128,0.0034,0.0378,0.9321
108,3.6,stop,0.9320,0.0148,0.0130,0.0035,0.0367,0.9320
110,3.667,stop,0.9328,0.0172,0.0129,0.0037,0.0335,0.9328
112,3.733,stop,0.9314,0.0173,0.0130,0.0037,0.0345,0.9314
114,3.8,stop,0.9297,0.0172,0.0131,0.0037,0.0363,0.9297
116,3.867,stop,0.9288,0.0167,0.0131,0.0037,0.0378,0.9288
118,3.933,stop,0.9288,0.0166,0.0128,0.0037,0.0381,0.9288
120,4.0,stop,0.9280,0.0155,0.0129,0.0035,0.0401,0.9280
122,4.067,stop,0.9279,0.0155,0.0129,0.0035,0.0402,0.9279
124,4.133,stop,0.9227,0.0142,0.0130,0.0035,0.0465,0.9227
126,4.2,stop,0.9225,0.0165,0.0129,0.0039,0.0442,0.9225
128,4.267,stop,0.9192,0.0162,0.0127,0.0039,0.0481,0.9192
130,4.333,stop,0.9113,0.0161,0.0127,0.0041,0.0557,0.9113
132,4.4,stop,0.9037,0.0145,0.0123,0.0041,0.0654,0.9037
134,4.467,stop,0.8903,0.0137,0.0122,0.0041,0.0797,0.8903
136,4.533,stop,0.8613,0.0124,0.0120,0.0041,0.1101,0.8613
138,4.6,stop,0.8301,0.0133,0.0126,0.0046,0.1394,0.8301
140,4.667,stop,0.7555,0.0157,0.0135,0.0051,0.2101,0.7555
142,4.733,stop,0.6416,0.0201,0.0135,0.0061,0.3187,0.6416
144,4.8,shake,0.4953,0.0197,0.0116,0.0060,0.4953,0.4674
146,4.867,shake,0.5253,0.0218,0.0113,0.0068,0.5253,0.4348
148,4.933,shake,0.5870,0.0138,0.0100,0.0051,0.5870,0.3841
150,5.0,shake,0.5542,0.0137,0.0105,0.0057,0.5542,0.4160
152,5.067,shake,0.5305,0.0119,0.0105,0.0057,0.5305,0.4414
154,5.133,stop,0.4966,0.0100,0.0106,0.0060,0.4768,0.4966
156,5.2,stop,0.5003,0.0086,0.0101,0.0060,0.4749,0.5003
158,5.267,stop,0.6481,0.0093,0.0109,0.0074,0.3244,0.6481
160,5.333,stop,0.7441,0.0046,0.0098,0.0058,0.2358,0.7441
162,5.4,stop,0.8630,0.0025,0.0085,0.0042,0.1218,0.8630
164,5.467,stop,0.9142,0.0020,0.0075,0.0040,0.0723,0.9142
166,5.533,stop,0.9587,0.0014,0.0059,0.0032,0.0307,0.9587
168,5.6,stop,0.9698,0.0013,0.0052,0.0033,0.0204,0.9698
170,5.667,stop,0.9726,0.0014,0.0049,0.0036,0.0175,0.9726
172,5.733,stop,0.9765,0.0015,0.0047,0.0040,0.0133,0.9765
174,5.8,stop,0.9772,0.0017,0.0046,0.0043,0.0121,0.9772
176,5.867,stop,0.9789,0.0018,0.0044,0.0046,0.0102,0.9789
178,5.933,stop,0.9794,0.0019,0.0044,0.0048,0.0096,0.9794
180,6.0,stop,0.9798,0.0017,0.0043,0.0047,0.0095,0.9798
182,6.067,stop,0.9802,0.0016,0.0042,0.0045,0.0094,0.9802
184,6.133,stop,0.9805,0.0015,0.0041,0.0044,0.0094,0.9805
186,6.2,stop,0.9809,0.0015,0.0041,0.0043,0.0091,0.9809
188,6.267,stop,0.9815,0.0015,0.0040,0.0043,0.0086,0.9815
190,6.333,stop,0.9817,0.0015,0.0040,0.0042,0.0086,0.9817
192,6.4,stop,0.9823,0.0016,0.0039,0.0042,0.0079,0.9823
194,6.467,stop,0.9832,0.0017,0.0038,0.0041,0.0072,0.9832
196,6.533,stop,0.9836,0.0017,0.0037,0.0040,0.0070,0.9836
198,6.6,stop,0.9842,0.0018,0.0036,0.0039,0.0064,0.9842
200,6.667,stop,0.9844,0.0025,0.0036,0.0043,0.0053,0.9844
202,6.733,stop,0.9842,0.0030,0.0035,0.0045,0.0048,0.9842
204,6.8,stop,0.9841,0.0033,0.0035,0.0045,0.0045,0.9841
206,6.867,stop,0.9841,0.0034,0.0035,0.0044,0.0045,0.9841
208,6.933,stop,0.9846,0.0029,0.0036,0.0039,0.0050,0.9846
210,7.0,stop,0.9847,0.0029,0.0036,0.0036,0.0052,0.9847
212,7.067,stop,0.9846,0.0028,0.0037,0.0034,0.0055,0.9846
214,7.133,stop,0.9847,0.0028,0.0038,0.0032,0.0056,0.9847
216,7.2,stop,0.9849,0.0026,0.0039,0.0030,0.0056,0.9849
218,7.267,stop,0.9847,0.0024,0.0040,0.0028,0.0061,0.9847
220,7.333,stop,0.9846,0.0020,0.0041,0.0025,0.0068,0.9846
222,7.4,stop,0.9845,0.0016,0.0042,0.0020,0.0077,0.9845
224,7.467,stop,0.9839,0.0014,0.0043,0.0019,0.0085,0.9839
226,7.533,stop,0.9841,0.0015,0.0044,0.0018,0.0082,0.9841
228,7.6,stop,0.9845,0.0016,0.0044,0.0018,0.0078,0.9845
230,7.667,stop,0.9842,0.0015,0.0045,0.0017,0.0081,0.9842
232,7.733,stop,0.9835,0.0013,0.0046,0.0016,0.0090,0.9835
234,7.8,stop,0.9810,0.0013,0.0049,0.0017,0.0109,0.9810
236,7.867,stop,0.9766,0.0014,0.0056,0.0018,0.0146,0.9766
238,7.933,stop,0.9637,0.0014,0.0065,0.0018,0.0266,0.9637
240,8.0,stop,0.9499,0.0015,0.0073,0.0019,0.0394,0.9499
242,8.067,stop,0.9339,0.0016,0.0081,0.0019,0.0546,0.9339
244,8.133,stop,0.9212,0.0019,0.0091,0.0019,0.0659,0.9212
246,8.2,stop,0.9104,0.0028,0.0105,0.0020,0.0743,0.9104
248,8.267,stop,0.8943,0.0041,0.0119,0.0023,0.0875,0.8943
250,8.333,stop,0.8889,0.0090,0.0139,0.0029,0.0853,0.8889
252,8.4,stop,0.8775,0.0165,0.0156,0.0035,0.0870,0.8775
254,8.467,stop,0.8548,0.0327,0.0179,0.0043,0.0902,0.8548
256,8.533,stop,0.8617,0.0434,0.0177,0.0043,0.0729,0.8617
258,8.6,stop,0.8762,0.0589,0.0162,0.0043,0.0445,0.8762
260,8.667,stop,0.8578,0.0804,0.0165,0.0050,0.0403,0.8578
262,8.733,stop,0.8479,0.0854,0.0163,0.0056,0.0448,0.8479
264,8.8,stop,0.8493,0.0679,0.0167,0.0056,0.0604,0.8493
266,8.867,stop,0.8756,0.0431,0.0161,0.0048,0.0604,0.8756
268,8.933,stop,0.8967,0.0251,0.0150,0.0039,0.0593,0.8967
270,9.0,stop,0.8984,0.0189,0.0148,0.0034,0.0644,0.8984
272,9.067,stop,0.8929,0.0105,0.0143,0.0026,0.0798,0.8929
274,9.133,stop,0.8811,0.0088,0.0144,0.0024,0.0933,0.8811
276,9.2,stop,0.8781,0.0080,0.0143,0.0022,0.0974,0.8781
278,9.267,stop,0.8748,0.0087,0.0149,0.0022,0.0993,0.8748
280,9.333,stop,0.8765,0.0093,0.0152,0.0022,0.0969,0.8765
282,9.4,stop,0.9161,0.0097,0.0141,0.0019,0.0583,0.9161
284,9.467,stop,0.9126,0.0095,0.0143,0.0018,0.0618,0.9126
286,9.533,stop,0.8859,0.0107,0.0153,0.0021,0.0860,0.8859
288,9.6,stop,0.8260,0.0091,0.0162,0.0019,0.1468,0.8260
290,9.667,stop,0.7617,0.0095,0.0169,0.0020,0.2099,0.7617
292,9.733,stop,0.7158,0.0101,0.0176,0.0021,0.2545,0.7158
294,9.8,stop,0.5924,0.0100,0.0166,0.0020,0.3790,0.5924
296,9.867,shake,0.5180,0.0084,0.0145,0.0017,0.5180,0.4575
298,9.933,shake,0.6074,0.0069,0.0131,0.0015,0.6074,0.3711
300,10.0,shake,0.6340,0.0088,0.0136,0.0016,0.6340,0.3419
302,10.067,shake,0.6304,0.0137,0.0149,0.0019,0.6304,0.3392
304,10.133,shake,0.5725,0.0339,0.0186,0.0028,0.5725,0.3722
306,10.2,shake,0.4513,0.0762,0.0232,0.0041,0.4513,0.4452
308,10.267,stop,0.5823,0.0936,0.0264,0.0049,0.2927,0.5823
310,10.333,stop,0.6072,0.1035,0.0266,0.0055,0.2572,0.6072
312,10.4,stop,0.6565,0.0961,0.0263,0.0055,0.2156,0.6565
314,10.467,stop,0.6631,0.1468,0.0276,0.0068,0.1557,0.6631
316,10.533,stop,0.6686,0.1563,0.0280,0.0078,0.1393,0.6686
318,10.6,stop,0.6720,0.1566,0.0272,0.0085,0.1358,0.6720
320,10.667,stop,0.6784,0.0982,0.0263,0.0072,0.1899,0.6784
322,10.733,stop,0.6890,0.0640,0.0254,0.0060,0.2156,0.6890
324,10.8,stop,0.6811,0.0641,0.0258,0.0062,0.2228,0.6811
326,10.867,stop,0.6866,0.0461,0.0218,0.0055,0.2400,0.6866
328,10.933,stop,0.5927,0.0311,0.0187,0.0046,0.3528,0.5927
330,11.0,stop,0.6031,0.0344,0.0188,0.0047,0.3391,0.6031
332,11.067,stop,0.6665,0.0335,0.0175,0.0048,0.2777,0.6665
334,11.133,stop,0.7062,0.0469,0.0178,0.0054,0.2237,0.7062
336,11.2,stop,0.7694,0.0568,0.0173,0.0048,0.1516,0.7694
338,11.267,stop,0.7983,0.0709,0.0169,0.0048,0.1092,0.7983
340,11.333,stop,0.8039,0.0903,0.0168,0.0052,0.0839,0.8039
342,11.4,stop,0.8162,0.0857,0.0161,0.0051,0.0769,0.8162
344,11.467,stop,0.8342,0.0666,0.0159,0.0044,0.0788,0.8342
346,11.533,stop,0.8506,0.0541,0.0155,0.0037,0.0761,0.8506
348,11.6,stop,0.8553,0.0573,0.0155,0.0037,0.0682,0.8553
350,11.667,stop,0.8614,0.0705,0.0154,0.0040,0.0487,0.8614
352,11.733,stop,0.8871,0.0409,0.0147,0.0032,0.0541,0.8871
354,11.8,stop,0.8909,0.0290,0.0147,0.0028,0.0626,0.8909
356,11.867,stop,0.8850,0.0212,0.0148,0.0025,0.0765,0.8850
358,11.933,stop,0.8661,0.0157,0.0151,0.0022,0.1009,0.8661
360,12.0,stop,0.8468,0.0152,0.0154,0.0022,0.1204,0.8468
362,12.067,stop,0.8370,0.0136,0.0153,0.0021,0.1321,0.8370
364,12.133,stop,0.8154,0.0126,0.0154,0.0021,0.1545,0.8154
366,12.2,stop,0.8048,0.0119,0.0156,0.0020,0.1658,0.8048
368,12.267,stop,0.7838,0.0108,0.0156,0.0020,0.1879,0.7838
370,12.333,stop,0.7318,0.0089,0.0148,0.0019,0.2427,0.7318
372,12.4,stop,0.7067,0.0080,0.0145,0.0018,0.2690,0.7067
374,12.467,stop,0.6707,0.0064,0.0136,0.0016,0.3077,0.6707
376,12.533,stop,0.6761,0.0059,0.0136,0.0015,0.3029,0.6761
378,12.6,stop,0.7013,0.0063,0.0138,0.0016,0.2770,0.7013
380,12.667,stop,0.7286,0.0075,0.0143,0.0018,0.2478,0.7286
382,12.733,stop,0.7798,0.0094,0.0151,0.0020,0.1936,0.7798
384,12.8,stop,0.8065,0.0116,0.0158,0.0023,0.1639,0.8065
386,12.867,stop,0.8414,0.0157,0.0167,0.0026,0.1237,0.8414
388,12.933,stop,0.8576,0.0191,0.0168,0.0028,0.1037,0.8576
390,13.0,stop,0.8707,0.0243,0.0173,0.0030,0.0848,0.8707
392,13.067,shake,0.9389,0.0024,0.0027,0.0016,0.9389,0.0543
394,13.133,shake,0.9303,0.0030,0.0031,0.0019,0.9303,0.0618
396,13.2,shake,0.9144,0.0047,0.0037,0.0025,0.9144,0.0747
24,0.8,stop,0.8991,0.0041,0.0767,0.0082,0.0119,0.8991
26,0.867,stop,0.9003,0.0040,0.0755,0.0082,0.0120,0.9003
28,0.933,stop,0.8997,0.0039,0.0761,0.0082,0.0121,0.8997
30,1.0,stop,0.8975,0.0038,0.0772,0.0084,0.0131,0.8975
32,1.067,stop,0.8964,0.0037,0.0784,0.0081,0.0134,0.8964
34,1.133,stop,0.8964,0.0039,0.0782,0.0084,0.0132,0.8964
36,1.2,stop,0.8978,0.0040,0.0772,0.0084,0.0126,0.8978
38,1.267,stop,0.8988,0.0040,0.0764,0.0084,0.0124,0.8988
40,1.333,stop,0.8985,0.0041,0.0764,0.0086,0.0124,0.8985
42,1.4,stop,0.9012,0.0039,0.0742,0.0085,0.0122,0.9012
44,1.467,stop,0.9011,0.0039,0.0742,0.0085,0.0122,0.9011
46,1.533,stop,0.9021,0.0041,0.0733,0.0087,0.0118,0.9021
48,1.6,stop,0.9027,0.0043,0.0726,0.0089,0.0115,0.9027
50,1.667,stop,0.9039,0.0043,0.0715,0.0089,0.0114,0.9039
52,1.733,stop,0.9055,0.0044,0.0703,0.0088,0.0110,0.9055
54,1.8,stop,0.9039,0.0043,0.0723,0.0087,0.0108,0.9039
56,1.867,stop,0.8977,0.0037,0.0771,0.0086,0.0129,0.8977
58,1.933,stop,0.8919,0.0038,0.0811,0.0090,0.0142,0.8919
60,2.0,stop,0.8866,0.0039,0.0837,0.0097,0.0161,0.8866
62,2.067,stop,0.8858,0.0039,0.0830,0.0101,0.0172,0.8858
64,2.133,stop,0.8871,0.0039,0.0803,0.0107,0.0179,0.8871
66,2.2,stop,0.8902,0.0041,0.0764,0.0112,0.0180,0.8902
68,2.267,stop,0.8942,0.0042,0.0712,0.0119,0.0185,0.8942
70,2.333,stop,0.8990,0.0044,0.0654,0.0126,0.0186,0.8990
72,2.4,stop,0.9040,0.0048,0.0598,0.0133,0.0181,0.9040
74,2.467,stop,0.9081,0.0053,0.0549,0.0142,0.0174,0.9081
76,2.533,stop,0.9135,0.0060,0.0487,0.0152,0.0166,0.9135
78,2.6,stop,0.9254,0.0058,0.0400,0.0148,0.0139,0.9254
80,2.667,stop,0.9290,0.0059,0.0372,0.0147,0.0131,0.9290
82,2.733,stop,0.9318,0.0062,0.0354,0.0144,0.0123,0.9318
84,2.8,stop,0.9321,0.0066,0.0352,0.0142,0.0119,0.9321
86,2.867,stop,0.9314,0.0068,0.0356,0.0142,0.0120,0.9314
88,2.933,stop,0.9300,0.0068,0.0372,0.0139,0.0121,0.9300
90,3.0,stop,0.9288,0.0071,0.0381,0.0139,0.0120,0.9288
92,3.067,stop,0.9286,0.0070,0.0389,0.0136,0.0119,0.9286
94,3.133,stop,0.9271,0.0066,0.0405,0.0133,0.0125,0.9271
96,3.2,stop,0.9266,0.0061,0.0415,0.0128,0.0130,0.9266
98,3.267,stop,0.9264,0.0059,0.0419,0.0125,0.0133,0.9264
100,3.333,stop,0.9260,0.0057,0.0421,0.0125,0.0136,0.9260
102,3.4,stop,0.9254,0.0057,0.0426,0.0127,0.0137,0.9254
104,3.467,stop,0.9245,0.0051,0.0430,0.0127,0.0147,0.9245
106,3.533,stop,0.9252,0.0047,0.0421,0.0127,0.0152,0.9252
108,3.6,stop,0.9242,0.0043,0.0416,0.0132,0.0167,0.9242
110,3.667,stop,0.9239,0.0042,0.0409,0.0136,0.0174,0.9239
112,3.733,stop,0.9242,0.0040,0.0403,0.0140,0.0175,0.9242
114,3.8,stop,0.9213,0.0044,0.0405,0.0156,0.0183,0.9213
116,3.867,stop,0.9179,0.0047,0.0414,0.0170,0.0190,0.9179
118,3.933,stop,0.9159,0.0050,0.0428,0.0177,0.0186,0.9159
120,4.0,stop,0.9131,0.0051,0.0460,0.0173,0.0185,0.9131
122,4.067,stop,0.9102,0.0052,0.0495,0.0169,0.0183,0.9102
124,4.133,stop,0.9059,0.0053,0.0543,0.0163,0.0181,0.9059
126,4.2,stop,0.9020,0.0057,0.0589,0.0159,0.0175,0.9020
128,4.267,stop,0.8954,0.0056,0.0661,0.0151,0.0178,0.8954
130,4.333,stop,0.8898,0.0055,0.0733,0.0143,0.0171,0.8898
132,4.4,stop,0.8863,0.0050,0.0794,0.0130,0.0163,0.8863
134,4.467,stop,0.8752,0.0045,0.0900,0.0121,0.0182,0.8752
136,4.533,stop,0.8698,0.0040,0.0969,0.0104,0.0189,0.8698
138,4.6,stop,0.8672,0.0039,0.1020,0.0097,0.0171,0.8672
140,4.667,stop,0.8700,0.0038,0.0979,0.0101,0.0182,0.8700
142,4.733,stop,0.8768,0.0036,0.0897,0.0105,0.0194,0.8768
144,4.8,stop,0.8835,0.0034,0.0809,0.0111,0.0210,0.8835
146,4.867,stop,0.8937,0.0033,0.0706,0.0115,0.0209,0.8937
148,4.933,stop,0.9031,0.0032,0.0608,0.0123,0.0205,0.9031
150,5.0,stop,0.9113,0.0034,0.0524,0.0135,0.0195,0.9113
152,5.067,stop,0.9195,0.0035,0.0446,0.0143,0.0181,0.9195
154,5.133,stop,0.9250,0.0036,0.0391,0.0151,0.0172,0.9250
156,5.2,stop,0.9334,0.0035,0.0329,0.0153,0.0149,0.9334
158,5.267,stop,0.9364,0.0034,0.0303,0.0154,0.0145,0.9364
160,5.333,stop,0.9374,0.0033,0.0290,0.0156,0.0147,0.9374
162,5.4,stop,0.9389,0.0032,0.0279,0.0157,0.0143,0.9389
164,5.467,stop,0.9402,0.0033,0.0277,0.0158,0.0131,0.9402
166,5.533,stop,0.9415,0.0036,0.0275,0.0159,0.0116,0.9415
168,5.6,stop,0.9408,0.0034,0.0282,0.0157,0.0119,0.9408
170,5.667,stop,0.9406,0.0035,0.0289,0.0155,0.0116,0.9406
172,5.733,stop,0.9404,0.0035,0.0299,0.0150,0.0113,0.9404
174,5.8,stop,0.9384,0.0033,0.0305,0.0152,0.0127,0.9384
176,5.867,stop,0.9380,0.0033,0.0308,0.0153,0.0126,0.9380
178,5.933,stop,0.9378,0.0033,0.0310,0.0155,0.0123,0.9378
180,6.0,stop,0.9376,0.0034,0.0311,0.0157,0.0121,0.9376
182,6.067,stop,0.9377,0.0036,0.0311,0.0159,0.0116,0.9377
184,6.133,stop,0.9375,0.0036,0.0318,0.0156,0.0115,0.9375
186,6.2,stop,0.9374,0.0034,0.0322,0.0153,0.0118,0.9374
188,6.267,stop,0.9372,0.0033,0.0325,0.0151,0.0120,0.9372
190,6.333,stop,0.9369,0.0032,0.0326,0.0151,0.0122,0.9369
192,6.4,stop,0.9351,0.0031,0.0333,0.0151,0.0135,0.9351
194,6.467,stop,0.9355,0.0030,0.0326,0.0152,0.0137,0.9355
196,6.533,stop,0.9371,0.0031,0.0316,0.0152,0.0130,0.9371
198,6.6,stop,0.9380,0.0030,0.0320,0.0144,0.0126,0.9380
200,6.667,stop,0.9384,0.0029,0.0316,0.0145,0.0126,0.9384
202,6.733,stop,0.9392,0.0030,0.0309,0.0146,0.0122,0.9392
204,6.8,stop,0.9391,0.0030,0.0312,0.0145,0.0122,0.9391
206,6.867,stop,0.9392,0.0030,0.0309,0.0147,0.0122,0.9392
208,6.933,stop,0.9394,0.0032,0.0309,0.0146,0.0120,0.9394
210,7.0,stop,0.9385,0.0034,0.0311,0.0150,0.0120,0.9385
212,7.067,stop,0.9385,0.0036,0.0310,0.0152,0.0116,0.9385
214,7.133,stop,0.9385,0.0043,0.0310,0.0159,0.0103,0.9385
216,7.2,stop,0.9392,0.0037,0.0313,0.0148,0.0110,0.9392
218,7.267,stop,0.9380,0.0036,0.0320,0.0147,0.0117,0.9380
220,7.333,stop,0.9368,0.0034,0.0326,0.0147,0.0125,0.9368
222,7.4,stop,0.9366,0.0034,0.0325,0.0147,0.0128,0.9366
224,7.467,stop,0.9363,0.0032,0.0327,0.0144,0.0134,0.9363
226,7.533,stop,0.9358,0.0030,0.0326,0.0144,0.0142,0.9358
228,7.6,stop,0.9358,0.0029,0.0323,0.0145,0.0146,0.9358
230,7.667,stop,0.9365,0.0027,0.0318,0.0144,0.0146,0.9365
232,7.733,stop,0.9379,0.0028,0.0308,0.0146,0.0139,0.9379
234,7.8,stop,0.9374,0.0029,0.0311,0.0146,0.0140,0.9374
236,7.867,stop,0.9365,0.0031,0.0317,0.0148,0.0139,0.9365
238,7.933,stop,0.9363,0.0035,0.0322,0.0151,0.0130,0.9363
240,8.0,stop,0.9350,0.0043,0.0325,0.0162,0.0119,0.9350
242,8.067,stop,0.9334,0.0049,0.0336,0.0168,0.0113,0.9334
244,8.133,stop,0.9314,0.0057,0.0350,0.0172,0.0108,0.9314
246,8.2,stop,0.9296,0.0063,0.0366,0.0171,0.0104,0.9296
24,0.8,stop,0.9111,0.0023,0.0497,0.0190,0.0179,0.9111
26,0.867,stop,0.9114,0.0023,0.0489,0.0195,0.0178,0.9114
28,0.933,stop,0.9115,0.0023,0.0482,0.0200,0.0180,0.9115
30,1.0,stop,0.9111,0.0023,0.0477,0.0205,0.0184,0.9111
32,1.067,stop,0.9113,0.0022,0.0473,0.0207,0.0184,0.9113
34,1.133,stop,0.9109,0.0023,0.0471,0.0211,0.0186,0.9109
36,1.2,stop,0.9095,0.0023,0.0474,0.0216,0.0192,0.9095
38,1.267,stop,0.9088,0.0023,0.0479,0.0217,0.0193,0.9088
40,1.333,stop,0.9081,0.0023,0.0483,0.0218,0.0195,0.9081
42,1.4,stop,0.9079,0.0023,0.0487,0.0216,0.0195,0.9079
44,1.467,stop,0.9083,0.0023,0.0487,0.0214,0.0193,0.9083
46,1.533,stop,0.9075,0.0023,0.0496,0.0212,0.0194,0.9075
48,1.6,stop,0.9073,0.0023,0.0506,0.0207,0.0191,0.9073
24,0.8,stop,0.9566,0.0041,0.0264,0.0081,0.0049,0.9566
26,0.867,stop,0.9564,0.0038,0.0268,0.0079,0.0051,0.9564
28,0.933,stop,0.9558,0.0037,0.0274,0.0078,0.0052,0.9558
30,1.0,stop,0.9548,0.0037,0.0286,0.0075,0.0054,0.9548
32,1.067,stop,0.9541,0.0035,0.0295,0.0073,0.0056,0.9541
34,1.133,stop,0.9534,0.0034,0.0302,0.0072,0.0058,0.9534
36,1.2,stop,0.9531,0.0033,0.0308,0.0069,0.0059,0.9531
38,1.267,stop,0.9523,0.0031,0.0319,0.0065,0.0062,0.9523
40,1.333,stop,0.9516,0.0032,0.0325,0.0064,0.0062,0.9516
42,1.4,stop,0.9517,0.0033,0.0324,0.0065,0.0061,0.9517
44,1.467,stop,0.9514,0.0033,0.0326,0.0065,0.0061,0.9514
46,1.533,stop,0.9516,0.0033,0.0325,0.0065,0.0061,0.9516
48,1.6,stop,0.9519,0.0035,0.0321,0.0066,0.0059,0.9519
50,1.667,stop,0.9523,0.0035,0.0319,0.0066,0.0057,0.9523
52,1.733,stop,0.9519,0.0036,0.0322,0.0066,0.0058,0.9519
54,1.8,stop,0.9515,0.0035,0.0322,0.0066,0.0062,0.9515
24,0.8,stop,0.7322,0.0027,0.2313,0.0165,0.0174,0.7322
26,0.867,stop,0.7304,0.0027,0.2332,0.0166,0.0171,0.7304
28,0.933,stop,0.7288,0.0028,0.2344,0.0169,0.0171,0.7288
30,1.0,stop,0.7308,0.0028,0.2328,0.0170,0.0166,0.7308
32,1.067,stop,0.7313,0.0028,0.2323,0.0171,0.0165,0.7313
34,1.133,stop,0.7315,0.0028,0.2319,0.0173,0.0165,0.7315
36,1.2,stop,0.7347,0.0028,0.2287,0.0174,0.0163,0.7347
38,1.267,stop,0.7355,0.0029,0.2279,0.0175,0.0162,0.7355
40,1.333,stop,0.7386,0.0028,0.2248,0.0176,0.0162,0.7386
42,1.4,stop,0.7397,0.0028,0.2235,0.0178,0.0163,0.7397
44,1.467,stop,0.7420,0.0027,0.2209,0.0178,0.0166,0.7420
46,1.533,stop,0.7460,0.0027,0.2167,0.0179,0.0167,0.7460
48,1.6,stop,0.7469,0.0027,0.2156,0.0179,0.0169,0.7469
50,1.667,stop,0.7484,0.0026,0.2137,0.0181,0.0172,0.7484
52,1.733,stop,0.7496,0.0026,0.2124,0.0181,0.0173,0.7496
54,1.8,stop,0.7504,0.0026,0.2115,0.0183,0.0171,0.7504
56,1.867,stop,0.7507,0.0027,0.2112,0.0184,0.0169,0.7507
58,1.933,stop,0.7472,0.0027,0.2147,0.0186,0.0168,0.7472
60,2.0,stop,0.7461,0.0027,0.2157,0.0187,0.0168,0.7461
62,2.067,stop,0.7441,0.0027,0.2178,0.0187,0.0167,0.7441
64,2.133,stop,0.7448,0.0027,0.2171,0.0188,0.0167,0.7448
66,2.2,stop,0.7435,0.0027,0.2183,0.0187,0.0169,0.7435
68,2.267,stop,0.7427,0.0027,0.2194,0.0186,0.0167,0.7427
70,2.333,stop,0.7415,0.0026,0.2206,0.0184,0.0168,0.7415
72,2.4,stop,0.7413,0.0026,0.2209,0.0183,0.0168,0.7413
74,2.467,stop,0.7414,0.0026,0.2210,0.0180,0.0169,0.7414
76,2.533,stop,0.7407,0.0026,0.2217,0.0179,0.0172,0.7407
78,2.6,stop,0.7435,0.0026,0.2191,0.0178,0.0170,0.7435
80,2.667,stop,0.7447,0.0026,0.2181,0.0177,0.0168,0.7447
82,2.733,stop,0.7470,0.0027,0.2161,0.0176,0.0166,0.7470
84,2.8,stop,0.7473,0.0027,0.2159,0.0175,0.0166,0.7473
86,2.867,stop,0.7482,0.0027,0.2152,0.0174,0.0164,0.7482
88,2.933,stop,0.7489,0.0028,0.2147,0.0173,0.0162,0.7489
90,3.0,stop,0.7486,0.0028,0.2152,0.0172,0.0162,0.7486
92,3.067,stop,0.7485,0.0028,0.2155,0.0171,0.0161,0.7485
94,3.133,stop,0.7464,0.0027,0.2177,0.0170,0.0162,0.7464
96,3.2,stop,0.7441,0.0027,0.2198,0.0170,0.0163,0.7441
98,3.267,stop,0.7431,0.0027,0.2209,0.0169,0.0164,0.7431
100,3.333,stop,0.7403,0.0027,0.2237,0.0168,0.0165,0.7403
102,3.4,stop,0.7359,0.0027,0.2279,0.0167,0.0169,0.7359
104,3.467,stop,0.7340,0.0027,0.2297,0.0167,0.0170,0.7340
106,3.533,stop,0.7321,0.0026,0.2316,0.0167,0.0170,0.7321
108,3.6,stop,0.7272,0.0027,0.2363,0.0167,0.0171,0.7272
110,3.667,stop,0.7267,0.0027,0.2369,0.0167,0.0170,0.7267
112,3.733,stop,0.7244,0.0027,0.2390,0.0168,0.0171,0.7244
114,3.8,stop,0.7273,0.0027,0.2361,0.0168,0.0171,0.7273
116,3.867,stop,0.7293,0.0026,0.2341,0.0169,0.0171,0.7293
118,3.933,stop,0.7305,0.0027,0.2329,0.0169,0.0171,0.7305
120,4.0,stop,0.7339,0.0027,0.2294,0.0171,0.0169,0.7339
122,4.067,stop,0.7370,0.0027,0.2264,0.0171,0.0168,0.7370
124,4.133,stop,0.7385,0.0027,0.2248,0.0173,0.0167,0.7385
126,4.2,stop,0.7405,0.0027,0.2228,0.0173,0.0166,0.7405
128,4.267,stop,0.7424,0.0027,0.2210,0.0173,0.0166,0.7424
130,4.333,stop,0.7451,0.0027,0.2184,0.0174,0.0163,0.7451
132,4.4,stop,0.7455,0.0028,0.2180,0.0176,0.0161,0.7455
134,4.467,stop,0.7460,0.0029,0.2177,0.0176,0.0158,0.7460
136,4.533,stop,0.7459,0.0028,0.2179,0.0175,0.0159,0.7459
138,4.6,stop,0.7444,0.0028,0.2195,0.0173,0.0161,0.7444
140,4.667,stop,0.7435,0.0027,0.2204,0.0172,0.0161,0.7435
142,4.733,stop,0.7407,0.0027,0.2226,0.0173,0.0166,0.7407
144,4.8,stop,0.7421,0.0027,0.2218,0.0171,0.0162,0.7421
146,4.867,stop,0.7416,0.0027,0.2225,0.0171,0.0162,0.7416
148,4.933,stop,0.7406,0.0027,0.2235,0.0170,0.0162,0.7406
150,5.0,stop,0.7417,0.0027,0.2225,0.0170,0.0161,0.7417
152,5.067,stop,0.7421,0.0027,0.2222,0.0168,0.0161,0.7421
154,5.133,stop,0.7428,0.0027,0.2214,0.0169,0.0162,0.7428
156,5.2,stop,0.7460,0.0027,0.2182,0.0169,0.0162,0.7460
158,5.267,stop,0.7461,0.0027,0.2182,0.0169,0.0160,0.7461
160,5.333,stop,0.7498,0.0027,0.2148,0.0169,0.0158,0.7498
162,5.4,stop,0.7505,0.0027,0.2139,0.0168,0.0161,0.7505
164,5.467,stop,0.7520,0.0027,0.2125,0.0168,0.0160,0.7520
166,5.533,stop,0.7540,0.0027,0.2106,0.0168,0.0160,0.7540
168,5.6,stop,0.7562,0.0027,0.2086,0.0166,0.0159,0.7562
170,5.667,stop,0.7570,0.0026,0.2080,0.0165,0.0158,0.7570
172,5.733,stop,0.7594,0.0026,0.2056,0.0166,0.0159,0.7594
174,5.8,stop,0.7600,0.0027,0.2047,0.0167,0.0159,0.7600
176,5.867,stop,0.7619,0.0027,0.2027,0.0168,0.0158,0.7619
178,5.933,stop,0.7628,0.0027,0.2020,0.0168,0.0157,0.7628
180,6.0,stop,0.7634,0.0027,0.2013,0.0169,0.0157,0.7634
182,6.067,stop,0.7629,0.0027,0.2017,0.0169,0.0157,0.7629
184,6.133,stop,0.7623,0.0027,0.2023,0.0170,0.0157,0.7623
186,6.2,stop,0.7631,0.0027,0.2014,0.0171,0.0156,0.7631
188,6.267,stop,0.7634,0.0027,0.2011,0.0171,0.0156,0.7634
190,6.333,stop,0.7637,0.0027,0.2006,0.0172,0.0158,0.7637
192,6.4,stop,0.7644,0.0027,0.1998,0.0173,0.0158,0.7644
194,6.467,stop,0.7643,0.0027,0.1999,0.0173,0.0159,0.7643
196,6.533,stop,0.7641,0.0027,0.2000,0.0173,0.0159,0.7641
198,6.6,stop,0.7634,0.0027,0.2006,0.0174,0.0159,0.7634
200,6.667,stop,0.7655,0.0027,0.1988,0.0173,0.0157,0.7655
202,6.733,stop,0.7651,0.0027,0.1989,0.0173,0.0159,0.7651
204,6.8,stop,0.7655,0.0027,0.1989,0.0171,0.0158,0.7655
206,6.867,stop,0.7635,0.0026,0.2009,0.0170,0.0160,0.7635
208,6.933,stop,0.7616,0.0027,0.2027,0.0170,0.0160,0.7616
210,7.0,stop,0.7577,0.0027,0.2065,0.0169,0.0161,0.7577
212,7.067,stop,0.7567,0.0027,0.2075,0.0169,0.0161,0.7567
214,7.133,stop,0.7565,0.0027,0.2081,0.0168,0.0160,0.7565
216,7.2,stop,0.7569,0.0027,0.2079,0.0168,0.0158,0.7569
218,7.267,stop,0.7556,0.0027,0.2091,0.0168,0.0158,0.7556
220,7.333,stop,0.7552,0.0027,0.2093,0.0169,0.0159,0.7552
222,7.4,stop,0.7549,0.0027,0.2095,0.0169,0.0160,0.7549
224,7.467,stop,0.7559,0.0027,0.2085,0.0169,0.0159,0.7559
226,7.533,stop,0.7568,0.0027,0.2075,0.0169,0.0160,0.7568
228,7.6,stop,0.7565,0.0027,0.2079,0.0168,0.0161,0.7565
230,7.667,stop,0.7568,0.0027,0.2076,0.0167,0.0162,0.7568
232,7.733,stop,0.7563,0.0026,0.2081,0.0167,0.0163,0.7563
234,7.8,stop,0.7564,0.0026,0.2077,0.0167,0.0165,0.7564
236,7.867,stop,0.7556,0.0026,0.2086,0.0167,0.0164,0.7556
238,7.933,stop,0.7546,0.0026,0.2096,0.0167,0.0165,0.7546
240,8.0,stop,0.7558,0.0026,0.2083,0.0167,0.0166,0.7558
242,8.067,stop,0.7532,0.0026,0.2108,0.0167,0.0166,0.7532
244,8.133,stop,0.7523,0.0026,0.2116,0.0168,0.0166,0.7523
246,8.2,stop,0.7524,0.0027,0.2116,0.0169,0.0165,0.7524
248,8.267,stop,0.7516,0.0027,0.2123,0.0170,0.0164,0.7516
250,8.333,stop,0.7532,0.0027,0.2108,0.0171,0.0162,0.7532
252,8.4,stop,0.7541,0.0027,0.2099,0.0172,0.0162,0.7541
254,8.467,stop,0.7544,0.0026,0.2094,0.0172,0.0163,0.7544
256,8.533,stop,0.7549,0.0026,0.2092,0.0171,0.0163,0.7549
258,8.6,stop,0.7558,0.0026,0.2082,0.0171,0.0163,0.7558
260,8.667,stop,0.7564,0.0026,0.2075,0.0171,0.0164,0.7564
262,8.733,stop,0.7587,0.0027,0.2050,0.0174,0.0162,0.7587
264,8.8,stop,0.7631,0.0027,0.2013,0.0173,0.0156,0.7631
266,8.867,stop,0.7643,0.0028,0.2000,0.0174,0.0155,0.7643
268,8.933,stop,0.7646,0.0028,0.1996,0.0175,0.0155,0.7646
270,9.0,stop,0.7666,0.0029,0.1979,0.0175,0.0152,0.7666
272,9.067,stop,0.7685,0.0029,0.1963,0.0174,0.0150,0.7685
274,9.133,stop,0.7687,0.0029,0.1961,0.0174,0.0149,0.7687
276,9.2,stop,0.7718,0.0029,0.1931,0.0175,0.0147,0.7718
278,9.267,stop,0.7732,0.0029,0.1921,0.0174,0.0145,0.7732
280,9.333,stop,0.7731,0.0029,0.1923,0.0172,0.0145,0.7731
282,9.4,stop,0.7710,0.0029,0.1946,0.0170,0.0146,0.7710
284,9.467,stop,0.7652,0.0028,0.2003,0.0166,0.0150,0.7652
24,0.8,stop,0.9696,0.0067,0.0049,0.0068,0.0119,0.9696
26,0.867,stop,0.9700,0.0069,0.0049,0.0067,0.0116,0.9700
28,0.933,stop,0.9713,0.0073,0.0048,0.0063,0.0103,0.9713
30,1.0,stop,0.9721,0.0083,0.0047,0.0066,0.0083,0.9721
32,1.067,stop,0.9766,0.0074,0.0042,0.0055,0.0062,0.9766
34,1.133,stop,0.9760,0.0080,0.0043,0.0057,0.0060,0.9760
36,1.2,stop,0.9753,0.0089,0.0044,0.0058,0.0057,0.9753
38,1.267,stop,0.9743,0.0099,0.0045,0.0059,0.0053,0.9743
40,1.333,stop,0.9734,0.0109,0.0045,0.0060,0.0051,0.9734
42,1.4,stop,0.9724,0.0120,0.0046,0.0062,0.0048,0.9724
44,1.467,stop,0.9716,0.0129,0.0047,0.0062,0.0046,0.9716
46,1.533,stop,0.9707,0.0137,0.0047,0.0064,0.0045,0.9707
48,1.6,stop,0.9703,0.0139,0.0048,0.0065,0.0045,0.9703
50,1.667,stop,0.9710,0.0133,0.0047,0.0064,0.0047,0.9710
52,1.733,stop,0.9713,0.0131,0.0047,0.0063,0.0047,0.9713
54,1.8,stop,0.9708,0.0135,0.0047,0.0064,0.0047,0.9708
56,1.867,stop,0.9708,0.0136,0.0046,0.0063,0.0047,0.9708
58,1.933,stop,0.9707,0.0137,0.0046,0.0063,0.0047,0.9707
60,2.0,stop,0.9705,0.0138,0.0046,0.0063,0.0047,0.9705
62,2.067,stop,0.9700,0.0143,0.0046,0.0064,0.0046,0.9700
64,2.133,stop,0.9703,0.0140,0.0046,0.0064,0.0047,0.9703
66,2.2,stop,0.9711,0.0133,0.0045,0.0062,0.0049,0.9711
68,2.267,stop,0.9714,0.0130,0.0045,0.0060,0.0050,0.9714
70,2.333,stop,0.9703,0.0142,0.0046,0.0061,0.0049,0.9703
72,2.4,stop,0.9693,0.0152,0.0047,0.0062,0.0047,0.9693
74,2.467,stop,0.9694,0.0151,0.0047,0.0062,0.0047,0.9694
76,2.533,stop,0.9690,0.0154,0.0047,0.0063,0.0046,0.9690
78,2.6,stop,0.9700,0.0145,0.0046,0.0062,0.0047,0.9700
80,2.667,stop,0.9707,0.0139,0.0046,0.0061,0.0047,0.9707
82,2.733,stop,0.9713,0.0134,0.0045,0.0060,0.0048,0.9713
84,2.8,stop,0.9717,0.0130,0.0045,0.0059,0.0048,0.9717
86,2.867,stop,0.9713,0.0133,0.0045,0.0060,0.0048,0.9713
88,2.933,stop,0.9716,0.0133,0.0045,0.0060,0.0047,0.9716
90,3.0,stop,0.9715,0.0130,0.0045,0.0062,0.0048,0.9715
24,0.8,stop,0.9957,0.0003,0.0013,0.0019,0.0008,0.9957
26,0.867,stop,0.9957,0.0003,0.0013,0.0018,0.0009,0.9957
28,0.933,stop,0.9957,0.0003,0.0014,0.0017,0.0010,0.9957
30,1.0,stop,0.9953,0.0004,0.0015,0.0017,0.0010,0.9953
32,1.067,stop,0.9948,0.0005,0.0017,0.0018,0.0012,0.9948
34,1.133,stop,0.9944,0.0005,0.0019,0.0018,0.0014,0.9944
36,1.2,stop,0.9942,0.0006,0.0021,0.0017,0.0015,0.9942
38,1.267,stop,0.9940,0.0006,0.0023,0.0016,0.0015,0.9940
40,1.333,stop,0.9939,0.0007,0.0024,0.0015,0.0015,0.9939
42,1.4,stop,0.9937,0.0007,0.0026,0.0014,0.0016,0.9937
44,1.467,stop,0.9935,0.0008,0.0027,0.0013,0.0016,0.9935
46,1.533,stop,0.9934,0.0009,0.0029,0.0013,0.0016,0.9934
48,1.6,stop,0.9934,0.0010,0.0029,0.0012,0.0015,0.9934
50,1.667,stop,0.9942,0.0009,0.0026,0.0011,0.0012,0.9942
52,1.733,stop,0.9950,0.0008,0.0024,0.0009,0.0009,0.9950
54,1.8,stop,0.9950,0.0009,0.0024,0.0010,0.0008,0.9950
56,1.867,stop,0.9949,0.0009,0.0024,0.0010,0.0008,0.9949
58,1.933,stop,0.9946,0.0010,0.0024,0.0011,0.0009,0.9946
60,2.0,stop,0.9942,0.0010,0.0026,0.0012,0.0011,0.9942
62,2.067,stop,0.9940,0.0010,0.0026,0.0012,0.0012,0.9940
64,2.133,stop,0.9939,0.0011,0.0026,0.0012,0.0012,0.9939
66,2.2,stop,0.9939,0.0010,0.0027,0.0012,0.0012,0.9939
68,2.267,stop,0.9940,0.0010,0.0026,0.0012,0.0012,0.9940
70,2.333,stop,0.9940,0.0010,0.0026,0.0012,0.0012,0.9940
72,2.4,stop,0.9940,0.0009,0.0026,0.0012,0.0012,0.9940
74,2.467,stop,0.9941,0.0009,0.0026,0.0012,0.0012,0.9941
76,2.533,stop,0.9941,0.0009,0.0026,0.0012,0.0012,0.9941
78,2.6,stop,0.9941,0.0009,0.0026,0.0012,0.0012,0.9941
80,2.667,stop,0.9942,0.0009,0.0025,0.0012,0.0012,0.9942
82,2.733,stop,0.9950,0.0008,0.0023,0.0010,0.0008,0.9950
84,2.8,stop,0.9950,0.0008,0.0023,0.0010,0.0009,0.9950
86,2.867,stop,0.9951,0.0008,0.0023,0.0010,0.0008,0.9951
88,2.933,stop,0.9951,0.0008,0.0023,0.0010,0.0008,0.9951
90,3.0,stop,0.9950,0.0008,0.0023,0.0010,0.0008,0.9950
92,3.067,stop,0.9951,0.0008,0.0023,0.0009,0.0009,0.9951
94,3.133,stop,0.9951,0.0008,0.0023,0.0009,0.0009,0.9951
96,3.2,stop,0.9951,0.0007,0.0024,0.0009,0.0009,0.9951
98,3.267,stop,0.9951,0.0007,0.0024,0.0009,0.0009,0.9951
100,3.333,stop,0.9951,0.0007,0.0024,0.0009,0.0009,0.9951
102,3.4,stop,0.9951,0.0008,0.0024,0.0009,0.0009,0.9951
104,3.467,stop,0.9951,0.0008,0.0024,0.0009,0.0009,0.9951
106,3.533,stop,0.9952,0.0007,0.0023,0.0009,0.0009,0.9952
108,3.6,stop,0.9953,0.0007,0.0023,0.0009,0.0009,0.9953
110,3.667,stop,0.9955,0.0006,0.0022,0.0008,0.0009,0.9955
112,3.733,stop,0.9956,0.0006,0.0021,0.0008,0.0009,0.9956
114,3.8,stop,0.9957,0.0006,0.0020,0.0008,0.0008,0.9957
116,3.867,stop,0.9958,0.0005,0.0019,0.0008,0.0008,0.9958
118,3.933,stop,0.9960,0.0005,0.0019,0.0008,0.0008,0.9960
120,4.0,stop,0.9953,0.0007,0.0021,0.0011,0.0009,0.9953
122,4.067,stop,0.9948,0.0007,0.0022,0.0012,0.0011,0.9948
124,4.133,stop,0.9946,0.0007,0.0022,0.0013,0.0012,0.9946
126,4.2,stop,0.9947,0.0006,0.0022,0.0012,0.0012,0.9947
128,4.267,stop,0.9947,0.0006,0.0022,0.0013,0.0012,0.9947
130,4.333,stop,0.9948,0.0006,0.0021,0.0013,0.0012,0.9948
132,4.4,stop,0.9947,0.0007,0.0022,0.0013,0.0012,0.9947
134,4.467,stop,0.9947,0.0007,0.0021,0.0013,0.0012,0.9947
136,4.533,stop,0.9947,0.0007,0.0021,0.0013,0.0012,0.9947
138,4.6,stop,0.9947,0.0007,0.0021,0.0013,0.0012,0.9947
140,4.667,stop,0.9950,0.0006,0.0021,0.0012,0.0012,0.9950
142,4.733,stop,0.9957,0.0005,0.0019,0.0009,0.0010,0.9957
144,4.8,stop,0.9962,0.0005,0.0017,0.0009,0.0008,0.9962
146,4.867,stop,0.9961,0.0005,0.0017,0.0009,0.0008,0.9961
148,4.933,stop,0.9956,0.0006,0.0019,0.0010,0.0009,0.9956
150,5.0,stop,0.9947,0.0007,0.0022,0.0011,0.0013,0.9947
152,5.067,stop,0.9939,0.0008,0.0025,0.0013,0.0015,0.9939
154,5.133,stop,0.9930,0.0009,0.0028,0.0014,0.0018,0.9930
156,5.2,stop,0.9904,0.0012,0.0035,0.0017,0.0032,0.9904
158,5.267,stop,0.9872,0.0015,0.0042,0.0020,0.0050,0.9872
160,5.333,stop,0.9852,0.0018,0.0048,0.0022,0.0060,0.9852
162,5.4,stop,0.9838,0.0020,0.0053,0.0023,0.0065,0.9838
164,5.467,stop,0.9821,0.0023,0.0060,0.0025,0.0072,0.9821
166,5.533,stop,0.9800,0.0027,0.0066,0.0027,0.0080,0.9800
168,5.6,stop,0.9786,0.0029,0.0071,0.0027,0.0086,0.9786
170,5.667,stop,0.9793,0.0027,0.0073,0.0026,0.0081,0.9793
172,5.733,stop,0.9823,0.0025,0.0070,0.0024,0.0057,0.9823
174,5.8,stop,0.9820,0.0027,0.0074,0.0024,0.0055,0.9820
176,5.867,stop,0.9821,0.0028,0.0075,0.0023,0.0052,0.9821
178,5.933,stop,0.9834,0.0028,0.0076,0.0021,0.0041,0.9834
180,6.0,stop,0.9862,0.0025,0.0070,0.0019,0.0024,0.9862
182,6.067,stop,0.9858,0.0025,0.0073,0.0020,0.0025,0.9858
184,6.133,stop,0.9853,0.0026,0.0075,0.0020,0.0026,0.9853
186,6.2,stop,0.9850,0.0027,0.0077,0.0021,0.0026,0.9850
188,6.267,stop,0.9847,0.0028,0.0078,0.0021,0.0025,0.9847
190,6.333,stop,0.9845,0.0029,0.0079,0.0021,0.0026,0.9845
192,6.4,stop,0.9847,0.0028,0.0079,0.0020,0.0025,0.9847
194,6.467,stop,0.9850,0.0027,0.0078,0.0020,0.0025,0.9850
196,6.533,stop,0.9853,0.0026,0.0077,0.0019,0.0025,0.9853
198,6.6,stop,0.9854,0.0026,0.0076,0.0019,0.0025,0.9854
200,6.667,stop,0.9855,0.0026,0.0075,0.0019,0.0025,0.9855
202,6.733,stop,0.9856,0.0026,0.0074,0.0019,0.0025,0.9856
204,6.8,stop,0.9854,0.0027,0.0074,0.0020,0.0025,0.9854
206,6.867,stop,0.9857,0.0026,0.0073,0.0019,0.0025,0.9857
208,6.933,stop,0.9857,0.0026,0.0073,0.0019,0.0024,0.9857
210,7.0,stop,0.9856,0.0027,0.0074,0.0019,0.0024,0.9856
212,7.067,stop,0.9854,0.0027,0.0074,0.0020,0.0024,0.9854
214,7.133,stop,0.9855,0.0028,0.0073,0.0020,0.0024,0.9855
216,7.2,stop,0.9853,0.0029,0.0074,0.0020,0.0024,0.9853
218,7.267,stop,0.9854,0.0028,0.0073,0.0020,0.0025,0.9854
220,7.333,stop,0.9858,0.0026,0.0072,0.0019,0.0025,0.9858
222,7.4,stop,0.9858,0.0026,0.0072,0.0019,0.0025,0.9858
224,7.467,stop,0.9861,0.0025,0.0071,0.0018,0.0025,0.9861
226,7.533,stop,0.9863,0.0024,0.0070,0.0018,0.0025,0.9863
228,7.6,stop,0.9864,0.0024,0.0069,0.0018,0.0025,0.9864
