frame,time,pred_class,conf,prob_walk,prob_lick,prob_scratch,prob_shake,prob_stop
16,0.533,stop,0.9706,0.0040,0.0069,0.0021,0.0163,0.9706
18,0.6,stop,0.9758,0.0033,0.0061,0.0021,0.0127,0.9758
20,0.667,stop,0.9834,0.0019,0.0050,0.0017,0.0079,0.9834
22,0.733,stop,0.9842,0.0019,0.0050,0.0019,0.0070,0.9842
24,0.8,stop,0.9843,0.0020,0.0051,0.0020,0.0065,0.9843
26,0.867,stop,0.9831,0.0025,0.0055,0.0021,0.0069,0.9831
28,0.933,stop,0.9827,0.0029,0.0059,0.0022,0.0063,0.9827
30,1.0,stop,0.9830,0.0028,0.0063,0.0021,0.0057,0.9830
32,1.067,stop,0.9821,0.0032,0.0067,0.0021,0.0059,0.9821
34,1.133,stop,0.9802,0.0048,0.0070,0.0025,0.0055,0.9802
36,1.2,stop,0.9775,0.0068,0.0072,0.0030,0.0055,0.9775
38,1.267,stop,0.9751,0.0070,0.0074,0.0037,0.0068,0.9751
40,1.333,stop,0.9698,0.0074,0.0077,0.0045,0.0105,0.9698
42,1.4,stop,0.9609,0.0090,0.0084,0.0055,0.0162,0.9609
44,1.467,stop,0.9385,0.0102,0.0097,0.0071,0.0345,0.9385
46,1.533,stop,0.9174,0.0089,0.0101,0.0071,0.0567,0.9174
48,1.6,stop,0.8893,0.0076,0.0102,0.0060,0.0869,0.8893
50,1.667,stop,0.8611,0.0092,0.0104,0.0055,0.1138,0.8611
52,1.733,stop,0.8526,0.0109,0.0103,0.0053,0.1209,0.8526
54,1.8,stop,0.8812,0.0114,0.0094,0.0046,0.0935,0.8812
56,1.867,stop,0.8935,0.0138,0.0095,0.0047,0.0785,0.8935
58,1.933,stop,0.9347,0.0168,0.0084,0.0040,0.0361,0.9347
60,2.0,stop,0.9357,0.0197,0.0087,0.0042,0.0316,0.9357
62,2.067,stop,0.9358,0.0190,0.0091,0.0042,0.0319,0.9358
64,2.133,stop,0.9359,0.0199,0.0095,0.0043,0.0304,0.9359
66,2.2,stop,0.9349,0.0198,0.0103,0.0045,0.0305,0.9349
68,2.267,stop,0.9405,0.0201,0.0106,0.0044,0.0244,0.9405
70,2.333,stop,0.9444,0.0144,0.0106,0.0040,0.0267,0.9444
72,2.4,stop,0.9431,0.0122,0.0110,0.0037,0.0299,0.9431
74,2.467,stop,0.9402,0.0120,0.0118,0.0037,0.0324,0.9402
76,2.533,stop,0.9388,0.0138,0.0127,0.0041,0.0306,0.9388
78,2.6,stop,0.9361,0.0204,0.0136,0.0045,0.0255,0.9361
80,2.667,stop,0.9246,0.0323,0.0146,0.0052,0.0233,0.9246
82,2.733,stop,0.9106,0.0493,0.0150,0.0058,0.0193,0.9106
84,2.8,stop,0.9261,0.0400,0.0141,0.0053,0.0145,0.9261
86,2.867,stop,0.9259,0.0408,0.0139,0.0054,0.0140,0.9259
88,2.933,stop,0.9330,0.0342,0.0135,0.0053,0.0141,0.9330
90,3.0,stop,0.9483,0.0194,0.0126,0.0044,0.0154,0.9483
92,3.067,stop,0.9534,0.0144,0.0121,0.0039,0.0162,0.9534
94,3.133,stop,0.9554,0.0128,0.0119,0.0035,0.0164,0.9554
96,3.2,stop,0.9553,0.0126,0.0119,0.0035,0.0167,0.9553
98,3.267,stop,0.9540,0.0141,0.0120,0.0037,0.0162,0.9540
100,3.333,stop,0.9523,0.0160,0.0121,0.0038,0.0159,0.9523
102,3.4,stop,0.9504,0.0180,0.0122,0.0040,0.0154,0.9504
104,3.467,stop,0.9492,0.0195,0.0122,0.0041,0.0151,0.9492
106,3.533,stop,0.9468,0.0216,0.0123,0.0041,0.0151,0.9468
108,3.6,stop,0.9466,0.0224,0.0123,0.0042,0.0145,0.9466
110,3.667,stop,0.9440,0.0242,0.0118,0.0044,0.0156,0.9440
112,3.733,stop,0.9467,0.0209,0.0120,0.0041,0.0163,0.9467
114,3.8,stop,0.9481,0.0198,0.0119,0.0040,0.0162,0.9481
116,3.867,stop,0.9498,0.0179,0.0118,0.0039,0.0166,0.9498
118,3.933,stop,0.9504,0.0179,0.0118,0.0038,0.0162,0.9504
120,4.0,stop,0.9512,0.0171,0.0116,0.0037,0.0163,0.9512
122,4.067,stop,0.9512,0.0174,0.0115,0.0038,0.0161,0.9512
124,4.133,stop,0.9516,0.0149,0.0114,0.0038,0.0183,0.9516
126,4.2,stop,0.9441,0.0207,0.0115,0.0046,0.0191,0.9441
128,4.267,stop,0.9409,0.0232,0.0112,0.0050,0.0197,0.9409
130,4.333,stop,0.9387,0.0212,0.0112,0.0054,0.0235,0.9387
132,4.4,stop,0.9381,0.0186,0.0109,0.0052,0.0272,0.9381
134,4.467,stop,0.9355,0.0176,0.0105,0.0053,0.0312,0.9355
136,4.533,stop,0.9270,0.0173,0.0104,0.0054,0.0400,0.9270
138,4.6,stop,0.9006,0.0215,0.0110,0.0069,0.0599,0.9006
140,4.667,stop,0.8232,0.0272,0.0123,0.0075,0.1298,0.8232
142,4.733,stop,0.6088,0.0389,0.0120,0.0100,0.3303,0.6088
144,4.8,shake,0.7044,0.0262,0.0066,0.0071,0.7044,0.2557
146,4.867,shake,0.8624,0.0129,0.0038,0.0045,0.8624,0.1165
148,4.933,shake,0.9058,0.0099,0.0030,0.0036,0.9058,0.0776
150,5.0,shake,0.8785,0.0102,0.0037,0.0043,0.8785,0.1033
152,5.067,shake,0.7333,0.0071,0.0061,0.0052,0.7333,0.2484
154,5.133,stop,0.6282,0.0064,0.0101,0.0056,0.3497,0.6282
156,5.2,stop,0.8540,0.0052,0.0104,0.0048,0.1256,0.8540
158,5.267,stop,0.9747,0.0029,0.0066,0.0027,0.0132,0.9747
160,5.333,stop,0.9819,0.0022,0.0056,0.0028,0.0075,0.9819
162,5.4,stop,0.9827,0.0023,0.0055,0.0032,0.0064,0.9827
164,5.467,stop,0.9832,0.0022,0.0055,0.0036,0.0055,0.9832
166,5.533,stop,0.9830,0.0025,0.0056,0.0039,0.0051,0.9830
168,5.6,stop,0.9830,0.0027,0.0055,0.0045,0.0043,0.9830
170,5.667,stop,0.9830,0.0028,0.0055,0.0047,0.0040,0.9830
172,5.733,stop,0.9835,0.0026,0.0054,0.0047,0.0038,0.9835
174,5.8,stop,0.9836,0.0027,0.0052,0.0049,0.0036,0.9836
176,5.867,stop,0.9837,0.0027,0.0052,0.0049,0.0035,0.9837
178,5.933,stop,0.9842,0.0025,0.0050,0.0049,0.0035,0.9842
180,6.0,stop,0.9847,0.0023,0.0048,0.0048,0.0034,0.9847
182,6.067,stop,0.9853,0.0020,0.0047,0.0045,0.0035,0.9853
184,6.133,stop,0.9856,0.0019,0.0046,0.0045,0.0034,0.9856
186,6.2,stop,0.9858,0.0019,0.0045,0.0044,0.0034,0.9858
188,6.267,stop,0.9860,0.0020,0.0044,0.0044,0.0033,0.9860
190,6.333,stop,0.9860,0.0021,0.0043,0.0044,0.0032,0.9860
192,6.4,stop,0.9861,0.0023,0.0041,0.0044,0.0030,0.9861
194,6.467,stop,0.9860,0.0026,0.0040,0.0045,0.0028,0.9860
196,6.533,stop,0.9863,0.0026,0.0038,0.0046,0.0027,0.9863
198,6.6,stop,0.9862,0.0029,0.0037,0.0046,0.0025,0.9862
200,6.667,stop,0.9854,0.0037,0.0036,0.0049,0.0024,0.9854
202,6.733,stop,0.9847,0.0043,0.0036,0.0050,0.0024,0.9847
204,6.8,stop,0.9850,0.0043,0.0036,0.0047,0.0024,0.9850
206,6.867,stop,0.9854,0.0039,0.0036,0.0045,0.0026,0.9854
208,6.933,stop,0.9864,0.0034,0.0036,0.0039,0.0027,0.9864
210,7.0,stop,0.9869,0.0032,0.0035,0.0035,0.0029,0.9869
212,7.067,stop,0.9878,0.0026,0.0035,0.0031,0.0031,0.9878
214,7.133,stop,0.9891,0.0020,0.0033,0.0024,0.0032,0.9891
216,7.2,stop,0.9890,0.0019,0.0033,0.0024,0.0034,0.9890
218,7.267,stop,0.9888,0.0020,0.0033,0.0024,0.0035,0.9888
220,7.333,stop,0.9890,0.0021,0.0033,0.0023,0.0033,0.9890
222,7.4,stop,0.9894,0.0019,0.0032,0.0021,0.0034,0.9894
224,7.467,stop,0.9898,0.0017,0.0032,0.0020,0.0034,0.9898
226,7.533,stop,0.9896,0.0017,0.0033,0.0020,0.0034,0.9896
228,7.6,stop,0.9895,0.0018,0.0034,0.0019,0.0035,0.9895
230,7.667,stop,0.9898,0.0016,0.0033,0.0017,0.0035,0.9898
232,7.733,stop,0.9893,0.0016,0.0035,0.0018,0.0038,0.9893
234,7.8,stop,0.9868,0.0018,0.0039,0.0021,0.0054,0.9868
236,7.867,stop,0.9818,0.0021,0.0047,0.0025,0.0089,0.9818
238,7.933,stop,0.9710,0.0025,0.0059,0.0029,0.0177,0.9710
240,8.0,stop,0.9526,0.0033,0.0075,0.0031,0.0335,0.9526
242,8.067,stop,0.9307,0.0041,0.0090,0.0032,0.0530,0.9307
244,8.133,stop,0.8973,0.0065,0.0109,0.0035,0.0818,0.8973
246,8.2,stop,0.8334,0.0131,0.0131,0.0045,0.1359,0.8334
248,8.267,stop,0.8101,0.0223,0.0136,0.0047,0.1493,0.8101
250,8.333,stop,0.8438,0.0608,0.0132,0.0053,0.0769,0.8438
252,8.4,stop,0.8386,0.0992,0.0118,0.0055,0.0450,0.8386
254,8.467,stop,0.7858,0.1665,0.0107,0.0059,0.0311,0.7858
256,8.533,stop,0.8125,0.1400,0.0102,0.0061,0.0311,0.8125
258,8.6,stop,0.8624,0.0967,0.0091,0.0056,0.0262,0.8624
260,8.667,stop,0.9003,0.0551,0.0088,0.0056,0.0302,0.9003
262,8.733,stop,0.9167,0.0307,0.0084,0.0053,0.0389,0.9167
264,8.8,stop,0.9225,0.0128,0.0080,0.0039,0.0527,0.9225
266,8.867,stop,0.9104,0.0104,0.0085,0.0037,0.0670,0.9104
268,8.933,stop,0.9122,0.0097,0.0084,0.0033,0.0664,0.9122
270,9.0,stop,0.9002,0.0103,0.0090,0.0032,0.0773,0.9002
272,9.067,stop,0.8939,0.0108,0.0094,0.0029,0.0830,0.8939
274,9.133,stop,0.9383,0.0113,0.0081,0.0022,0.0401,0.9383
276,9.2,stop,0.9426,0.0113,0.0079,0.0020,0.0362,0.9426
278,9.267,stop,0.9479,0.0140,0.0078,0.0022,0.0280,0.9479
280,9.333,stop,0.9516,0.0116,0.0076,0.0018,0.0274,0.9516
282,9.4,stop,0.9502,0.0125,0.0077,0.0019,0.0278,0.9502
284,9.467,stop,0.9412,0.0140,0.0085,0.0021,0.0341,0.9412
286,9.533,stop,0.9135,0.0153,0.0101,0.0025,0.0586,0.9135
288,9.6,stop,0.8791,0.0189,0.0124,0.0026,0.0870,0.8791
290,9.667,stop,0.8339,0.0224,0.0151,0.0026,0.1261,0.8339
292,9.733,stop,0.7931,0.0264,0.0175,0.0026,0.1604,0.7931
294,9.8,stop,0.7212,0.0391,0.0209,0.0027,0.2162,0.7212
296,9.867,stop,0.6450,0.0599,0.0238,0.0029,0.2684,0.6450
298,9.933,stop,0.6843,0.0742,0.0259,0.0032,0.2124,0.6843
300,10.0,stop,0.7855,0.0700,0.0254,0.0031,0.1161,0.7855
302,10.067,stop,0.7953,0.0904,0.0244,0.0036,0.0863,0.7953
304,10.133,stop,0.7609,0.1608,0.0223,0.0044,0.0515,0.7609
306,10.2,stop,0.6298,0.3092,0.0202,0.0053,0.0356,0.6298
308,10.267,stop,0.6938,0.2511,0.0180,0.0058,0.0313,0.6938
310,10.333,stop,0.7086,0.2430,0.0163,0.0061,0.0260,0.7086
312,10.4,stop,0.8116,0.1320,0.0168,0.0054,0.0342,0.8116
314,10.467,stop,0.8190,0.1152,0.0178,0.0060,0.0419,0.8190
316,10.533,stop,0.8116,0.0964,0.0196,0.0066,0.0658,0.8116
318,10.6,stop,0.8334,0.0538,0.0185,0.0054,0.0889,0.8334
320,10.667,stop,0.8151,0.0529,0.0194,0.0049,0.1077,0.8151
322,10.733,stop,0.7889,0.0676,0.0199,0.0056,0.1179,0.7889
324,10.8,shake,0.9447,0.0025,0.0013,0.0023,0.9447,0.0492
326,10.867,stop,0.8003,0.0701,0.0139,0.0072,0.1085,0.8003
328,10.933,stop,0.8495,0.0391,0.0119,0.0050,0.0945,0.8495
330,11.0,stop,0.8943,0.0327,0.0103,0.0039,0.0587,0.8943
332,11.067,stop,0.8933,0.0457,0.0101,0.0044,0.0465,0.8933
334,11.133,stop,0.8858,0.0620,0.0099,0.0046,0.0377,0.8858
336,11.2,stop,0.8470,0.1070,0.0102,0.0049,0.0309,0.8470
338,11.267,stop,0.8383,0.1234,0.0098,0.0044,0.0241,0.8383
340,11.333,stop,0.8181,0.1453,0.0096,0.0047,0.0223,0.8181
342,11.4,stop,0.7874,0.1824,0.0088,0.0046,0.0168,0.7874
344,11.467,stop,0.8927,0.0752,0.0086,0.0036,0.0199,0.8927
346,11.533,stop,0.9274,0.0393,0.0083,0.0030,0.0220,0.9274
348,11.6,stop,0.9431,0.0221,0.0078,0.0024,0.0246,0.9431
350,11.667,stop,0.9496,0.0140,0.0075,0.0019,0.0271,0.9496
352,11.733,stop,0.9499,0.0146,0.0075,0.0019,0.0261,0.9499
354,11.8,stop,0.9493,0.0148,0.0076,0.0020,0.0262,0.9493
356,11.867,stop,0.9463,0.0166,0.0081,0.0022,0.0268,0.9463
358,11.933,stop,0.9443,0.0178,0.0084,0.0022,0.0273,0.9443
360,12.0,stop,0.9411,0.0172,0.0085,0.0022,0.0311,0.9411
362,12.067,stop,0.9394,0.0159,0.0086,0.0021,0.0341,0.9394
364,12.133,stop,0.9364,0.0165,0.0091,0.0020,0.0360,0.9364
366,12.2,stop,0.9341,0.0144,0.0094,0.0018,0.0403,0.9341
368,12.267,stop,0.9377,0.0127,0.0093,0.0017,0.0386,0.9377
370,12.333,stop,0.9360,0.0124,0.0095,0.0017,0.0405,0.9360
372,12.4,stop,0.9343,0.0124,0.0098,0.0017,0.0417,0.9343
374,12.467,stop,0.9374,0.0124,0.0103,0.0019,0.0380,0.9374
376,12.533,stop,0.9382,0.0135,0.0108,0.0021,0.0355,0.9382
378,12.6,stop,0.9403,0.0145,0.0110,0.0023,0.0319,0.9403
380,12.667,stop,0.9396,0.0164,0.0110,0.0025,0.0304,0.9396
382,12.733,stop,0.9383,0.0204,0.0111,0.0027,0.0275,0.9383
384,12.8,shake,0.7868,0.0035,0.0039,0.0034,0.7868,0.2024
386,12.867,shake,0.7845,0.0045,0.0040,0.0038,0.7845,0.2032
388,12.933,shake,0.7907,0.0048,0.0039,0.0039,0.7907,0.1967
390,13.0,shake,0.7900,0.0047,0.0039,0.0038,0.7900,0.1976
392,13.067,shake,0.7922,0.0048,0.0038,0.0038,0.7922,0.1954
394,13.133,shake,0.7860,0.0046,0.0039,0.0036,0.7860,0.2018
396,13.2,shake,0.7632,0.0064,0.0043,0.0043,0.7632,0.2219
16,0.533,stop,0.9107,0.0046,0.0724,0.0082,0.0041,0.9107
18,0.6,stop,0.9113,0.0047,0.0716,0.0083,0.0040,0.9113
20,0.667,stop,0.9052,0.0054,0.0769,0.0085,0.0040,0.9052
22,0.733,stop,0.8985,0.0059,0.0828,0.0087,0.0041,0.8985
24,0.8,stop,0.8977,0.0055,0.0842,0.0085,0.0042,0.8977
26,0.867,stop,0.8962,0.0053,0.0857,0.0085,0.0044,0.8962
28,0.933,stop,0.8990,0.0050,0.0837,0.0081,0.0042,0.8990
30,1.0,stop,0.9031,0.0043,0.0797,0.0082,0.0046,0.9031
32,1.067,stop,0.9078,0.0042,0.0751,0.0083,0.0046,0.9078
34,1.133,stop,0.9152,0.0040,0.0678,0.0086,0.0044,0.9152
36,1.2,stop,0.9132,0.0045,0.0688,0.0091,0.0044,0.9132
38,1.267,stop,0.9100,0.0053,0.0706,0.0098,0.0043,0.9100
40,1.333,stop,0.9036,0.0061,0.0757,0.0102,0.0044,0.9036
42,1.4,stop,0.9019,0.0064,0.0772,0.0102,0.0043,0.9019
44,1.467,stop,0.9004,0.0064,0.0790,0.0101,0.0042,0.9004
46,1.533,stop,0.9036,0.0061,0.0770,0.0096,0.0037,0.9036
48,1.6,stop,0.9129,0.0046,0.0705,0.0083,0.0037,0.9129
50,1.667,stop,0.9136,0.0044,0.0701,0.0082,0.0037,0.9136
52,1.733,stop,0.9157,0.0044,0.0680,0.0082,0.0036,0.9157
54,1.8,stop,0.9164,0.0041,0.0676,0.0082,0.0037,0.9164
56,1.867,stop,0.9097,0.0042,0.0728,0.0087,0.0046,0.9097
58,1.933,stop,0.9036,0.0046,0.0773,0.0091,0.0054,0.9036
60,2.0,stop,0.8998,0.0049,0.0790,0.0099,0.0064,0.8998
62,2.067,stop,0.9024,0.0049,0.0756,0.0102,0.0069,0.9024
64,2.133,stop,0.9050,0.0053,0.0717,0.0109,0.0070,0.9050
66,2.2,stop,0.9089,0.0057,0.0672,0.0114,0.0068,0.9089
68,2.267,stop,0.9158,0.0061,0.0592,0.0125,0.0064,0.9158
70,2.333,stop,0.9310,0.0053,0.0475,0.0116,0.0046,0.9310
72,2.4,stop,0.9369,0.0053,0.0429,0.0111,0.0039,0.9369
74,2.467,stop,0.9405,0.0054,0.0403,0.0104,0.0033,0.9405
76,2.533,stop,0.9401,0.0061,0.0402,0.0104,0.0032,0.9401
78,2.6,stop,0.9397,0.0064,0.0406,0.0101,0.0032,0.9397
80,2.667,stop,0.9377,0.0065,0.0425,0.0101,0.0033,0.9377
82,2.733,stop,0.9351,0.0072,0.0444,0.0099,0.0034,0.9351
84,2.8,stop,0.9331,0.0073,0.0466,0.0094,0.0035,0.9331
86,2.867,stop,0.9302,0.0073,0.0497,0.0091,0.0037,0.9302
88,2.933,stop,0.9307,0.0068,0.0500,0.0088,0.0037,0.9307
90,3.0,stop,0.9295,0.0068,0.0511,0.0088,0.0038,0.9295
92,3.067,stop,0.9277,0.0069,0.0527,0.0088,0.0039,0.9277
94,3.133,stop,0.9249,0.0068,0.0556,0.0086,0.0041,0.9249
96,3.2,stop,0.9263,0.0059,0.0553,0.0083,0.0042,0.9263
98,3.267,stop,0.9293,0.0055,0.0530,0.0081,0.0042,0.9293
100,3.333,stop,0.9293,0.0054,0.0530,0.0081,0.0042,0.9293
102,3.4,stop,0.9286,0.0055,0.0535,0.0083,0.0042,0.9286
104,3.467,stop,0.9287,0.0050,0.0534,0.0085,0.0044,0.9287
106,3.533,stop,0.9303,0.0048,0.0518,0.0087,0.0045,0.9303
108,3.6,stop,0.9319,0.0045,0.0491,0.0096,0.0048,0.9319
110,3.667,stop,0.9304,0.0045,0.0491,0.0108,0.0052,0.9304
112,3.733,stop,0.9300,0.0045,0.0481,0.0120,0.0054,0.9300
114,3.8,stop,0.9257,0.0053,0.0480,0.0149,0.0061,0.9257
116,3.867,stop,0.9191,0.0059,0.0503,0.0175,0.0072,0.9191
118,3.933,stop,0.9164,0.0065,0.0516,0.0184,0.0071,0.9164
120,4.0,stop,0.9103,0.0071,0.0574,0.0180,0.0072,0.9103
122,4.067,stop,0.9050,0.0076,0.0643,0.0168,0.0064,0.9050
124,4.133,stop,0.9034,0.0073,0.0693,0.0145,0.0054,0.9034
126,4.2,stop,0.8979,0.0065,0.0779,0.0122,0.0056,0.8979
128,4.267,stop,0.8926,0.0054,0.0868,0.0097,0.0055,0.8926
130,4.333,stop,0.8877,0.0049,0.0950,0.0080,0.0043,0.8877
132,4.4,stop,0.8901,0.0045,0.0930,0.0079,0.0045,0.8901
134,4.467,stop,0.8928,0.0042,0.0896,0.0083,0.0051,0.8928
136,4.533,stop,0.8968,0.0041,0.0852,0.0083,0.0056,0.8968
138,4.6,stop,0.9034,0.0040,0.0782,0.0085,0.0059,0.9034
140,4.667,stop,0.9109,0.0041,0.0699,0.0089,0.0061,0.9109
142,4.733,stop,0.9161,0.0043,0.0636,0.0095,0.0064,0.9161
144,4.8,stop,0.9222,0.0042,0.0568,0.0102,0.0066,0.9222
146,4.867,stop,0.9275,0.0042,0.0509,0.0110,0.0064,0.9275
148,4.933,stop,0.9375,0.0038,0.0421,0.0115,0.0051,0.9375
150,5.0,stop,0.9413,0.0036,0.0379,0.0124,0.0048,0.9413
152,5.067,stop,0.9434,0.0036,0.0352,0.0133,0.0045,0.9434
154,5.133,stop,0.9449,0.0037,0.0332,0.0142,0.0041,0.9449
156,5.2,stop,0.9438,0.0040,0.0338,0.0145,0.0039,0.9438
158,5.267,stop,0.9441,0.0042,0.0340,0.0143,0.0035,0.9441
160,5.333,stop,0.9443,0.0037,0.0347,0.0136,0.0037,0.9443
162,5.4,stop,0.9440,0.0036,0.0359,0.0128,0.0037,0.9440
164,5.467,stop,0.9429,0.0035,0.0378,0.0122,0.0036,0.9429
166,5.533,stop,0.9430,0.0036,0.0374,0.0124,0.0035,0.9430
168,5.6,stop,0.9427,0.0037,0.0373,0.0127,0.0036,0.9427
170,5.667,stop,0.9418,0.0040,0.0373,0.0135,0.0034,0.9418
172,5.733,stop,0.9407,0.0044,0.0375,0.0140,0.0034,0.9407
174,5.8,stop,0.9399,0.0042,0.0373,0.0149,0.0036,0.9399
176,5.867,stop,0.9395,0.0040,0.0384,0.0145,0.0036,0.9395
178,5.933,stop,0.9394,0.0036,0.0390,0.0141,0.0038,0.9394
180,6.0,stop,0.9401,0.0034,0.0391,0.0135,0.0039,0.9401
182,6.067,stop,0.9399,0.0035,0.0391,0.0136,0.0039,0.9399
184,6.133,stop,0.9385,0.0036,0.0408,0.0133,0.0039,0.9385
186,6.2,stop,0.9387,0.0038,0.0398,0.0139,0.0038,0.9387
188,6.267,stop,0.9376,0.0040,0.0407,0.0140,0.0038,0.9376
190,6.333,stop,0.9384,0.0036,0.0417,0.0126,0.0036,0.9384
192,6.4,stop,0.9377,0.0035,0.0414,0.0134,0.0039,0.9377
194,6.467,stop,0.9389,0.0034,0.0399,0.0138,0.0039,0.9389
196,6.533,stop,0.9384,0.0034,0.0403,0.0139,0.0040,0.9384
198,6.6,stop,0.9394,0.0035,0.0391,0.0140,0.0040,0.9394
200,6.667,stop,0.9397,0.0035,0.0390,0.0140,0.0039,0.9397
202,6.733,stop,0.9397,0.0037,0.0383,0.0144,0.0039,0.9397
204,6.8,stop,0.9402,0.0039,0.0377,0.0146,0.0036,0.9402
206,6.867,stop,0.9388,0.0048,0.0384,0.0149,0.0032,0.9388
208,6.933,stop,0.9421,0.0039,0.0379,0.0128,0.0033,0.9421
210,7.0,stop,0.9397,0.0042,0.0401,0.0126,0.0034,0.9397
212,7.067,stop,0.9386,0.0042,0.0413,0.0124,0.0035,0.9386
214,7.133,stop,0.9371,0.0044,0.0423,0.0125,0.0036,0.9371
216,7.2,stop,0.9360,0.0044,0.0434,0.0125,0.0037,0.9360
218,7.267,stop,0.9364,0.0041,0.0435,0.0122,0.0038,0.9364
220,7.333,stop,0.9369,0.0037,0.0432,0.0122,0.0040,0.9369
222,7.4,stop,0.9396,0.0033,0.0413,0.0118,0.0040,0.9396
224,7.467,stop,0.9427,0.0031,0.0386,0.0117,0.0039,0.9427
226,7.533,stop,0.9433,0.0029,0.0378,0.0120,0.0041,0.9433
228,7.6,stop,0.9436,0.0029,0.0367,0.0126,0.0042,0.9436
230,7.667,stop,0.9443,0.0030,0.0359,0.0127,0.0041,0.9443
232,7.733,stop,0.9437,0.0033,0.0357,0.0134,0.0039,0.9437
234,7.8,stop,0.9408,0.0038,0.0380,0.0135,0.0039,0.9408
236,7.867,stop,0.9362,0.0044,0.0411,0.0143,0.0040,0.9362
238,7.933,stop,0.9310,0.0060,0.0442,0.0151,0.0038,0.9310
240,8.0,stop,0.9223,0.0083,0.0500,0.0158,0.0036,0.9223
242,8.067,stop,0.9144,0.0097,0.0567,0.0157,0.0035,0.9144
244,8.133,stop,0.9070,0.0117,0.0620,0.0159,0.0034,0.9070
246,8.2,stop,0.9039,0.0126,0.0641,0.0161,0.0032,0.9039
16,0.533,stop,0.8796,0.0032,0.0928,0.0209,0.0034,0.8796
18,0.6,stop,0.8793,0.0033,0.0928,0.0213,0.0034,0.8793
20,0.667,stop,0.8802,0.0033,0.0911,0.0220,0.0033,0.8802
22,0.733,stop,0.8817,0.0033,0.0889,0.0228,0.0034,0.8817
24,0.8,stop,0.8829,0.0033,0.0872,0.0232,0.0033,0.8829
26,0.867,stop,0.8842,0.0032,0.0851,0.0242,0.0033,0.8842
28,0.933,stop,0.8858,0.0031,0.0826,0.0252,0.0034,0.8858
30,1.0,stop,0.8872,0.0030,0.0806,0.0259,0.0034,0.8872
32,1.067,stop,0.8890,0.0029,0.0787,0.0260,0.0033,0.8890
34,1.133,stop,0.8886,0.0030,0.0790,0.0261,0.0033,0.8886
36,1.2,stop,0.8868,0.0031,0.0801,0.0266,0.0033,0.8868
38,1.267,stop,0.8847,0.0033,0.0821,0.0264,0.0034,0.8847
40,1.333,stop,0.8827,0.0034,0.0848,0.0256,0.0034,0.8827
42,1.4,stop,0.8799,0.0036,0.0879,0.0253,0.0034,0.8799
44,1.467,stop,0.8770,0.0037,0.0909,0.0250,0.0034,0.8770
46,1.533,stop,0.8736,0.0038,0.0940,0.0251,0.0035,0.8736
48,1.6,stop,0.8748,0.0036,0.0942,0.0239,0.0035,0.8748
16,0.533,stop,0.9628,0.0045,0.0247,0.0065,0.0015,0.9628
18,0.6,stop,0.9633,0.0044,0.0243,0.0065,0.0015,0.9633
20,0.667,stop,0.9639,0.0043,0.0240,0.0064,0.0015,0.9639
22,0.733,stop,0.9639,0.0039,0.0246,0.0060,0.0015,0.9639
24,0.8,stop,0.9642,0.0036,0.0251,0.0056,0.0015,0.9642
26,0.867,stop,0.9641,0.0033,0.0257,0.0054,0.0016,0.9641
28,0.933,stop,0.9636,0.0030,0.0268,0.0050,0.0016,0.9636
30,1.0,stop,0.9629,0.0027,0.0283,0.0044,0.0017,0.9629
32,1.067,stop,0.9615,0.0028,0.0295,0.0044,0.0018,0.9615
34,1.133,stop,0.9609,0.0029,0.0299,0.0045,0.0018,0.9609
36,1.2,stop,0.9603,0.0030,0.0305,0.0045,0.0018,0.9603
38,1.267,stop,0.9600,0.0030,0.0307,0.0045,0.0018,0.9600
40,1.333,stop,0.9595,0.0031,0.0310,0.0046,0.0017,0.9595
42,1.4,stop,0.9599,0.0031,0.0307,0.0046,0.0017,0.9599
44,1.467,stop,0.9604,0.0030,0.0305,0.0045,0.0017,0.9604
46,1.533,stop,0.9602,0.0031,0.0305,0.0045,0.0017,0.9602
48,1.6,stop,0.9599,0.0032,0.0307,0.0046,0.0016,0.9599
50,1.667,stop,0.9591,0.0034,0.0313,0.0046,0.0016,0.9591
52,1.733,stop,0.9587,0.0035,0.0315,0.0046,0.0016,0.9587
54,1.8,stop,0.9602,0.0033,0.0302,0.0045,0.0017,0.9602
16,0.533,stop,0.8386,0.0028,0.1419,0.0126,0.0041,0.8386
18,0.6,stop,0.8370,0.0028,0.1436,0.0125,0.0041,0.8370
20,0.667,stop,0.8372,0.0029,0.1432,0.0126,0.0042,0.8372
22,0.733,stop,0.8317,0.0029,0.1490,0.0123,0.0041,0.8317
24,0.8,stop,0.8269,0.0029,0.1540,0.0121,0.0041,0.8269
26,0.867,stop,0.8206,0.0030,0.1601,0.0122,0.0041,0.8206
28,0.933,stop,0.8139,0.0031,0.1666,0.0123,0.0041,0.8139
30,1.0,stop,0.8110,0.0032,0.1694,0.0124,0.0041,0.8110
32,1.067,stop,0.8114,0.0032,0.1688,0.0125,0.0041,0.8114
34,1.133,stop,0.8142,0.0031,0.1658,0.0128,0.0041,0.8142
36,1.2,stop,0.8242,0.0030,0.1555,0.0131,0.0042,0.8242
38,1.267,stop,0.8295,0.0030,0.1501,0.0132,0.0042,0.8295
40,1.333,stop,0.8342,0.0030,0.1452,0.0134,0.0042,0.8342
42,1.4,stop,0.8387,0.0030,0.1405,0.0137,0.0043,0.8387
44,1.467,stop,0.8388,0.0030,0.1403,0.0137,0.0043,0.8388
46,1.533,stop,0.8387,0.0030,0.1402,0.0138,0.0043,0.8387
48,1.6,stop,0.8381,0.0029,0.1410,0.0137,0.0043,0.8381
50,1.667,stop,0.8345,0.0029,0.1448,0.0135,0.0043,0.8345
52,1.733,stop,0.8338,0.0029,0.1453,0.0136,0.0043,0.8338
54,1.8,stop,0.8305,0.0030,0.1484,0.0138,0.0043,0.8305
56,1.867,stop,0.8279,0.0031,0.1508,0.0139,0.0043,0.8279
58,1.933,stop,0.8268,0.0031,0.1518,0.0140,0.0043,0.8268
60,2.0,stop,0.8247,0.0030,0.1543,0.0137,0.0043,0.8247
62,2.067,stop,0.8254,0.0030,0.1535,0.0138,0.0043,0.8254
64,2.133,stop,0.8285,0.0029,0.1505,0.0138,0.0043,0.8285
66,2.2,stop,0.8317,0.0029,0.1473,0.0137,0.0044,0.8317
68,2.267,stop,0.8356,0.0029,0.1434,0.0137,0.0044,0.8356
70,2.333,stop,0.8391,0.0028,0.1401,0.0136,0.0044,0.8391
72,2.4,stop,0.8402,0.0028,0.1391,0.0135,0.0043,0.8402
74,2.467,stop,0.8428,0.0028,0.1366,0.0136,0.0043,0.8428
76,2.533,stop,0.8419,0.0029,0.1376,0.0134,0.0042,0.8419
78,2.6,stop,0.8415,0.0029,0.1381,0.0134,0.0042,0.8415
80,2.667,stop,0.8418,0.0029,0.1378,0.0134,0.0041,0.8418
82,2.733,stop,0.8406,0.0030,0.1389,0.0134,0.0041,0.8406
84,2.8,stop,0.8408,0.0030,0.1390,0.0132,0.0040,0.8408
86,2.867,stop,0.8414,0.0029,0.1385,0.0131,0.0040,0.8414
88,2.933,stop,0.8409,0.0030,0.1389,0.0132,0.0040,0.8409
90,3.0,stop,0.8403,0.0030,0.1396,0.0131,0.0040,0.8403
92,3.067,stop,0.8372,0.0029,0.1431,0.0127,0.0040,0.8372
94,3.133,stop,0.8332,0.0029,0.1473,0.0125,0.0041,0.8332
96,3.2,stop,0.8301,0.0029,0.1505,0.0123,0.0041,0.8301
98,3.267,stop,0.8286,0.0029,0.1521,0.0123,0.0041,0.8286
100,3.333,stop,0.8253,0.0029,0.1554,0.0122,0.0042,0.8253
102,3.4,stop,0.8252,0.0028,0.1556,0.0121,0.0042,0.8252
104,3.467,stop,0.8243,0.0028,0.1566,0.0121,0.0042,0.8243
106,3.533,stop,0.8264,0.0028,0.1544,0.0123,0.0042,0.8264
108,3.6,stop,0.8259,0.0028,0.1548,0.0123,0.0042,0.8259
110,3.667,stop,0.8249,0.0029,0.1558,0.0123,0.0042,0.8249
112,3.733,stop,0.8243,0.0029,0.1564,0.0123,0.0042,0.8243
114,3.8,stop,0.8256,0.0028,0.1552,0.0123,0.0042,0.8256
116,3.867,stop,0.8267,0.0029,0.1539,0.0124,0.0042,0.8267
118,3.933,stop,0.8290,0.0029,0.1514,0.0126,0.0042,0.8290
120,4.0,stop,0.8319,0.0029,0.1481,0.0129,0.0042,0.8319
122,4.067,stop,0.8338,0.0029,0.1463,0.0129,0.0042,0.8338
124,4.133,stop,0.8357,0.0029,0.1441,0.0131,0.0042,0.8357
126,4.2,stop,0.8367,0.0029,0.1431,0.0131,0.0041,0.8367
128,4.267,stop,0.8366,0.0029,0.1433,0.0131,0.0041,0.8366
130,4.333,stop,0.8367,0.0029,0.1431,0.0131,0.0041,0.8367
132,4.4,stop,0.8356,0.0030,0.1442,0.0131,0.0041,0.8356
134,4.467,stop,0.8339,0.0031,0.1456,0.0133,0.0041,0.8339
136,4.533,stop,0.8320,0.0030,0.1479,0.0131,0.0040,0.8320
138,4.6,stop,0.8291,0.0030,0.1511,0.0128,0.0040,0.8291
140,4.667,stop,0.8286,0.0029,0.1517,0.0127,0.0040,0.8286
142,4.733,stop,0.8304,0.0029,0.1499,0.0128,0.0041,0.8304
144,4.8,stop,0.8316,0.0028,0.1488,0.0127,0.0041,0.8316
146,4.867,stop,0.8341,0.0028,0.1461,0.0128,0.0041,0.8341
148,4.933,stop,0.8369,0.0029,0.1431,0.0130,0.0041,0.8369
150,5.0,stop,0.8354,0.0030,0.1444,0.0132,0.0041,0.8354
152,5.067,stop,0.8362,0.0030,0.1435,0.0133,0.0040,0.8362
154,5.133,stop,0.8363,0.0031,0.1433,0.0133,0.0041,0.8363
156,5.2,stop,0.8364,0.0030,0.1434,0.0131,0.0040,0.8364
158,5.267,stop,0.8361,0.0030,0.1439,0.0130,0.0040,0.8361
160,5.333,stop,0.8382,0.0029,0.1420,0.0129,0.0040,0.8382
162,5.4,stop,0.8407,0.0028,0.1399,0.0126,0.0040,0.8407
164,5.467,stop,0.8446,0.0028,0.1358,0.0127,0.0040,0.8446
166,5.533,stop,0.8473,0.0028,0.1329,0.0129,0.0041,0.8473
168,5.6,stop,0.8480,0.0029,0.1320,0.0130,0.0041,0.8480
170,5.667,stop,0.8483,0.0029,0.1317,0.0131,0.0040,0.8483
172,5.733,stop,0.8476,0.0029,0.1325,0.0130,0.0040,0.8476
174,5.8,stop,0.8438,0.0030,0.1364,0.0128,0.0040,0.8438
176,5.867,stop,0.8410,0.0030,0.1394,0.0127,0.0039,0.8410
178,5.933,stop,0.8392,0.0030,0.1411,0.0127,0.0040,0.8392
180,6.0,stop,0.8376,0.0030,0.1429,0.0126,0.0040,0.8376
182,6.067,stop,0.8369,0.0030,0.1435,0.0126,0.0040,0.8369
184,6.133,stop,0.8389,0.0029,0.1413,0.0128,0.0041,0.8389
186,6.2,stop,0.8418,0.0029,0.1382,0.0130,0.0041,0.8418
188,6.267,stop,0.8443,0.0029,0.1356,0.0131,0.0041,0.8443
190,6.333,stop,0.8467,0.0029,0.1330,0.0133,0.0041,0.8467
192,6.4,stop,0.8498,0.0029,0.1297,0.0135,0.0041,0.8498
194,6.467,stop,0.8504,0.0030,0.1289,0.0136,0.0042,0.8504
196,6.533,stop,0.8506,0.0029,0.1290,0.0135,0.0041,0.8506
198,6.6,stop,0.8495,0.0029,0.1302,0.0133,0.0040,0.8495
200,6.667,stop,0.8485,0.0029,0.1314,0.0132,0.0040,0.8485
202,6.733,stop,0.8449,0.0030,0.1350,0.0131,0.0041,0.8449
204,6.8,stop,0.8421,0.0030,0.1378,0.0131,0.0041,0.8421
206,6.867,stop,0.8401,0.0029,0.1402,0.0127,0.0041,0.8401
208,6.933,stop,0.8403,0.0029,0.1400,0.0127,0.0040,0.8403
210,7.0,stop,0.8385,0.0029,0.1421,0.0125,0.0040,0.8385
212,7.067,stop,0.8389,0.0029,0.1415,0.0126,0.0040,0.8389
214,7.133,stop,0.8385,0.0029,0.1420,0.0126,0.0040,0.8385
216,7.2,stop,0.8379,0.0030,0.1423,0.0128,0.0040,0.8379
218,7.267,stop,0.8371,0.0030,0.1429,0.0129,0.0040,0.8371
220,7.333,stop,0.8361,0.0030,0.1439,0.0129,0.0040,0.8361
222,7.4,stop,0.8383,0.0030,0.1417,0.0129,0.0040,0.8383
224,7.467,stop,0.8393,0.0030,0.1408,0.0129,0.0040,0.8393
226,7.533,stop,0.8432,0.0029,0.1368,0.0131,0.0041,0.8432
228,7.6,stop,0.8448,0.0029,0.1353,0.0130,0.0041,0.8448
230,7.667,stop,0.8443,0.0028,0.1360,0.0128,0.0041,0.8443
232,7.733,stop,0.8452,0.0028,0.1351,0.0128,0.0041,0.8452
234,7.8,stop,0.8425,0.0028,0.1380,0.0126,0.0041,0.8425
236,7.867,stop,0.8408,0.0029,0.1395,0.0126,0.0041,0.8408
238,7.933,stop,0.8384,0.0029,0.1419,0.0127,0.0041,0.8384
240,8.0,stop,0.8357,0.0029,0.1446,0.0127,0.0041,0.8357
242,8.067,stop,0.8340,0.0029,0.1464,0.0126,0.0041,0.8340
244,8.133,stop,0.8346,0.0029,0.1456,0.0128,0.0041,0.8346
246,8.2,stop,0.8363,0.0029,0.1438,0.0128,0.0041,0.8363
248,8.267,stop,0.8353,0.0029,0.1450,0.0127,0.0041,0.8353
250,8.333,stop,0.8381,0.0029,0.1421,0.0129,0.0041,0.8381
252,8.4,stop,0.8401,0.0029,0.1399,0.0130,0.0042,0.8401
254,8.467,stop,0.8415,0.0029,0.1383,0.0131,0.0042,0.8415
256,8.533,stop,0.8423,0.0028,0.1377,0.0130,0.0041,0.8423
258,8.6,stop,0.8431,0.0028,0.1370,0.0130,0.0041,0.8431
260,8.667,stop,0.8442,0.0029,0.1358,0.0131,0.0041,0.8442
262,8.733,stop,0.8459,0.0030,0.1338,0.0134,0.0040,0.8459
264,8.8,stop,0.8483,0.0030,0.1312,0.0136,0.0040,0.8483
266,8.867,stop,0.8488,0.0031,0.1306,0.0136,0.0039,0.8488
268,8.933,stop,0.8485,0.0031,0.1307,0.0137,0.0039,0.8485
270,9.0,stop,0.8467,0.0032,0.1325,0.0137,0.0039,0.8467
272,9.067,stop,0.8462,0.0031,0.1332,0.0135,0.0039,0.8462
274,9.133,stop,0.8444,0.0031,0.1354,0.0132,0.0039,0.8444
276,9.2,stop,0.8433,0.0031,0.1365,0.0132,0.0040,0.8433
278,9.267,stop,0.8402,0.0031,0.1398,0.0130,0.0039,0.8402
280,9.333,stop,0.8394,0.0031,0.1406,0.0130,0.0040,0.8394
282,9.4,stop,0.8388,0.0031,0.1412,0.0130,0.0040,0.8388
284,9.467,stop,0.8396,0.0030,0.1404,0.0130,0.0040,0.8396
16,0.533,stop,0.9718,0.0045,0.0035,0.0046,0.0157,0.9718
18,0.6,stop,0.9715,0.0044,0.0035,0.0046,0.0160,0.9715
20,0.667,stop,0.9740,0.0046,0.0033,0.0042,0.0139,0.9740
22,0.733,stop,0.9767,0.0043,0.0031,0.0043,0.0116,0.9767
24,0.8,stop,0.9826,0.0035,0.0026,0.0035,0.0078,0.9826
26,0.867,stop,0.9824,0.0037,0.0027,0.0037,0.0076,0.9824
28,0.933,stop,0.9821,0.0041,0.0027,0.0039,0.0073,0.9821
30,1.0,stop,0.9815,0.0048,0.0027,0.0042,0.0069,0.9815
32,1.067,stop,0.9810,0.0052,0.0027,0.0043,0.0067,0.9810
34,1.133,stop,0.9808,0.0056,0.0028,0.0045,0.0064,0.9808
36,1.2,stop,0.9806,0.0058,0.0028,0.0045,0.0063,0.9806
38,1.267,stop,0.9805,0.0059,0.0028,0.0045,0.0063,0.9805
40,1.333,stop,0.9805,0.0059,0.0028,0.0045,0.0063,0.9805
42,1.4,stop,0.9805,0.0058,0.0028,0.0044,0.0064,0.9805
44,1.467,stop,0.9799,0.0063,0.0029,0.0045,0.0064,0.9799
46,1.533,stop,0.9789,0.0070,0.0029,0.0048,0.0063,0.9789
48,1.6,stop,0.9786,0.0070,0.0029,0.0049,0.0066,0.9786
50,1.667,stop,0.9784,0.0068,0.0030,0.0050,0.0069,0.9784
52,1.733,stop,0.9785,0.0066,0.0029,0.0049,0.0070,0.9785
54,1.8,stop,0.9785,0.0065,0.0029,0.0049,0.0072,0.9785
56,1.867,stop,0.9787,0.0063,0.0029,0.0048,0.0073,0.9787
58,1.933,stop,0.9786,0.0063,0.0029,0.0047,0.0076,0.9786
60,2.0,stop,0.9783,0.0065,0.0029,0.0045,0.0078,0.9783
62,2.067,stop,0.9773,0.0075,0.0030,0.0046,0.0076,0.9773
64,2.133,stop,0.9772,0.0078,0.0030,0.0046,0.0073,0.9772
66,2.2,stop,0.9781,0.0072,0.0029,0.0045,0.0074,0.9781
68,2.267,stop,0.9781,0.0073,0.0029,0.0045,0.0072,0.9781
70,2.333,stop,0.9785,0.0072,0.0029,0.0045,0.0069,0.9785
72,2.4,stop,0.9785,0.0072,0.0029,0.0045,0.0069,0.9785
74,2.467,stop,0.9788,0.0071,0.0029,0.0044,0.0068,0.9788
76,2.533,stop,0.9791,0.0070,0.0029,0.0044,0.0067,0.9791
78,2.6,stop,0.9792,0.0070,0.0029,0.0044,0.0066,0.9792
80,2.667,stop,0.9798,0.0066,0.0028,0.0043,0.0065,0.9798
82,2.733,stop,0.9801,0.0062,0.0028,0.0043,0.0066,0.9801
84,2.8,stop,0.9805,0.0058,0.0028,0.0042,0.0067,0.9805
86,2.867,stop,0.9806,0.0057,0.0028,0.0042,0.0068,0.9806
88,2.933,stop,0.9804,0.0058,0.0028,0.0042,0.0068,0.9804
90,3.0,stop,0.9791,0.0063,0.0029,0.0045,0.0072,0.9791
16,0.533,stop,0.9897,0.0009,0.0038,0.0035,0.0022,0.9897
18,0.6,stop,0.9901,0.0008,0.0037,0.0033,0.0021,0.9901
20,0.667,stop,0.9916,0.0007,0.0033,0.0027,0.0017,0.9916
22,0.733,stop,0.9927,0.0007,0.0029,0.0025,0.0013,0.9927
24,0.8,stop,0.9925,0.0007,0.0030,0.0025,0.0014,0.9925
26,0.867,stop,0.9923,0.0007,0.0031,0.0024,0.0016,0.9923
28,0.933,stop,0.9904,0.0009,0.0037,0.0028,0.0023,0.9904
30,1.0,stop,0.9868,0.0013,0.0047,0.0034,0.0038,0.9868
32,1.067,stop,0.9846,0.0016,0.0055,0.0033,0.0049,0.9846
34,1.133,stop,0.9834,0.0017,0.0060,0.0031,0.0058,0.9834
36,1.2,stop,0.9827,0.0019,0.0063,0.0028,0.0063,0.9827
38,1.267,stop,0.9831,0.0021,0.0064,0.0026,0.0058,0.9831
40,1.333,stop,0.9835,0.0023,0.0064,0.0024,0.0054,0.9835
42,1.4,stop,0.9872,0.0017,0.0055,0.0018,0.0038,0.9872
44,1.467,stop,0.9908,0.0012,0.0045,0.0013,0.0021,0.9908
46,1.533,stop,0.9912,0.0013,0.0042,0.0013,0.0019,0.9912
48,1.6,stop,0.9912,0.0014,0.0042,0.0014,0.0017,0.9912
50,1.667,stop,0.9910,0.0016,0.0042,0.0015,0.0017,0.9910
52,1.733,stop,0.9905,0.0018,0.0043,0.0016,0.0017,0.9905
54,1.8,stop,0.9905,0.0018,0.0044,0.0016,0.0017,0.9905
56,1.867,stop,0.9901,0.0021,0.0044,0.0019,0.0015,0.9901
58,1.933,stop,0.9892,0.0022,0.0047,0.0019,0.0019,0.9892
60,2.0,stop,0.9872,0.0022,0.0054,0.0022,0.0031,0.9872
62,2.067,stop,0.9858,0.0021,0.0059,0.0022,0.0040,0.9858
64,2.133,stop,0.9853,0.0019,0.0060,0.0023,0.0044,0.9853
66,2.2,stop,0.9851,0.0019,0.0062,0.0022,0.0046,0.9851
68,2.267,stop,0.9850,0.0019,0.0062,0.0023,0.0046,0.9850
70,2.333,stop,0.9847,0.0021,0.0062,0.0024,0.0046,0.9847
72,2.4,stop,0.9854,0.0023,0.0060,0.0025,0.0039,0.9854
74,2.467,stop,0.9896,0.0019,0.0047,0.0020,0.0017,0.9896
76,2.533,stop,0.9896,0.0019,0.0048,0.0020,0.0017,0.9896
78,2.6,stop,0.9899,0.0017,0.0048,0.0019,0.0017,0.9899
80,2.667,stop,0.9901,0.0017,0.0048,0.0018,0.0017,0.9901
82,2.733,stop,0.9901,0.0016,0.0048,0.0018,0.0018,0.9901
84,2.8,stop,0.9904,0.0015,0.0048,0.0016,0.0017,0.9904
86,2.867,stop,0.9902,0.0016,0.0048,0.0017,0.0017,0.9902
88,2.933,stop,0.9901,0.0017,0.0049,0.0017,0.0017,0.9901
90,3.0,stop,0.9899,0.0018,0.0049,0.0017,0.0017,0.9899
92,3.067,stop,0.9898,0.0018,0.0050,0.0017,0.0018,0.9898
94,3.133,stop,0.9898,0.0018,0.0049,0.0017,0.0018,0.9898
96,3.2,stop,0.9899,0.0016,0.0050,0.0016,0.0020,0.9899
98,3.267,stop,0.9904,0.0014,0.0048,0.0014,0.0020,0.9904
100,3.333,stop,0.9906,0.0013,0.0047,0.0013,0.0020,0.9906
102,3.4,stop,0.9908,0.0013,0.0046,0.0013,0.0020,0.9908
104,3.467,stop,0.9908,0.0013,0.0045,0.0014,0.0020,0.9908
106,3.533,stop,0.9909,0.0014,0.0044,0.0014,0.0019,0.9909
108,3.6,stop,0.9910,0.0013,0.0043,0.0015,0.0019,0.9910
110,3.667,stop,0.9914,0.0012,0.0041,0.0015,0.0018,0.9914
112,3.733,stop,0.9916,0.0011,0.0040,0.0015,0.0018,0.9916
114,3.8,stop,0.9920,0.0010,0.0038,0.0014,0.0017,0.9920
116,3.867,stop,0.9925,0.0009,0.0036,0.0013,0.0017,0.9925
118,3.933,stop,0.9928,0.0009,0.0035,0.0013,0.0016,0.9928
120,4.0,stop,0.9903,0.0014,0.0042,0.0019,0.0023,0.9903
122,4.067,stop,0.9881,0.0017,0.0049,0.0023,0.0031,0.9881
124,4.133,stop,0.9869,0.0018,0.0051,0.0025,0.0037,0.9869
126,4.2,stop,0.9867,0.0017,0.0052,0.0025,0.0039,0.9867
128,4.267,stop,0.9866,0.0017,0.0052,0.0025,0.0040,0.9866
130,4.333,stop,0.9867,0.0016,0.0052,0.0024,0.0041,0.9867
132,4.4,stop,0.9879,0.0014,0.0050,0.0021,0.0036,0.9879
134,4.467,stop,0.9908,0.0012,0.0041,0.0015,0.0024,0.9908
136,4.533,stop,0.9926,0.0010,0.0035,0.0015,0.0014,0.9926
138,4.6,stop,0.9926,0.0010,0.0035,0.0015,0.0014,0.9926
140,4.667,stop,0.9925,0.0010,0.0035,0.0014,0.0015,0.9925
142,4.733,stop,0.9926,0.0010,0.0035,0.0014,0.0015,0.9926
144,4.8,stop,0.9925,0.0010,0.0036,0.0014,0.0016,0.9925
146,4.867,stop,0.9923,0.0010,0.0036,0.0014,0.0017,0.9923
148,4.933,stop,0.9901,0.0014,0.0043,0.0017,0.0025,0.9901
150,5.0,stop,0.9857,0.0020,0.0055,0.0023,0.0045,0.9857
152,5.067,stop,0.9814,0.0029,0.0068,0.0029,0.0060,0.9814
154,5.133,stop,0.9768,0.0037,0.0083,0.0033,0.0079,0.9768
156,5.2,stop,0.9507,0.0060,0.0119,0.0050,0.0264,0.9507
158,5.267,stop,0.8942,0.0086,0.0161,0.0066,0.0745,0.8942
160,5.333,stop,0.8450,0.0096,0.0194,0.0073,0.1187,0.8450
162,5.4,stop,0.8760,0.0084,0.0199,0.0065,0.0892,0.8760
164,5.467,stop,0.9342,0.0073,0.0178,0.0052,0.0354,0.9342
166,5.533,stop,0.9393,0.0076,0.0177,0.0051,0.0302,0.9393
168,5.6,stop,0.9517,0.0077,0.0162,0.0048,0.0195,0.9517
170,5.667,stop,0.9651,0.0070,0.0142,0.0040,0.0097,0.9651
172,5.733,stop,0.9786,0.0055,0.0107,0.0031,0.0021,0.9786
174,5.8,stop,0.9773,0.0056,0.0115,0.0033,0.0023,0.9773
176,5.867,stop,0.9762,0.0058,0.0123,0.0034,0.0023,0.9762
178,5.933,stop,0.9745,0.0066,0.0132,0.0035,0.0023,0.9745
180,6.0,stop,0.9737,0.0069,0.0136,0.0035,0.0023,0.9737
182,6.067,stop,0.9730,0.0072,0.0139,0.0035,0.0023,0.9730
184,6.133,stop,0.9727,0.0075,0.0139,0.0035,0.0023,0.9727
186,6.2,stop,0.9726,0.0078,0.0138,0.0036,0.0023,0.9726
188,6.267,stop,0.9725,0.0081,0.0136,0.0036,0.0022,0.9725
190,6.333,stop,0.9728,0.0079,0.0134,0.0036,0.0023,0.9728
192,6.4,stop,0.9736,0.0073,0.0133,0.0034,0.0024,0.9736
194,6.467,stop,0.9746,0.0067,0.0130,0.0033,0.0024,0.9746
196,6.533,stop,0.9751,0.0062,0.0131,0.0031,0.0025,0.9751
198,6.6,stop,0.9758,0.0059,0.0129,0.0029,0.0025,0.9758
200,6.667,stop,0.9758,0.0059,0.0129,0.0030,0.0025,0.9758
202,6.733,stop,0.9753,0.0062,0.0130,0.0031,0.0024,0.9753
204,6.8,stop,0.9743,0.0068,0.0131,0.0033,0.0024,0.9743
206,6.867,stop,0.9738,0.0074,0.0130,0.0035,0.0023,0.9738
208,6.933,stop,0.9724,0.0084,0.0131,0.0038,0.0024,0.9724
210,7.0,stop,0.9719,0.0084,0.0134,0.0039,0.0024,0.9719
212,7.067,stop,0.9725,0.0077,0.0136,0.0037,0.0025,0.9725
214,7.133,stop,0.9728,0.0074,0.0137,0.0036,0.0025,0.9728
216,7.2,stop,0.9733,0.0069,0.0138,0.0034,0.0026,0.9733
218,7.267,stop,0.9747,0.0062,0.0134,0.0031,0.0026,0.9747
220,7.333,stop,0.9751,0.0058,0.0134,0.0029,0.0028,0.9751
222,7.4,stop,0.9760,0.0056,0.0130,0.0027,0.0027,0.9760
224,7.467,stop,0.9762,0.0056,0.0127,0.0028,0.0027,0.9762
226,7.533,stop,0.9760,0.0059,0.0125,0.0029,0.0027,0.9760
228,7.6,stop,0.9760,0.0062,0.0120,0.0030,0.0026,0.9760
