frame,time,pred_class,conf,prob_walk,prob_lick,prob_scratch,prob_shake,prob_stop
16,0.533,stop,0.9816,0.0021,0.0051,0.0023,0.0089,0.9816
18,0.6,stop,0.9844,0.0017,0.0045,0.0022,0.0072,0.9844
20,0.667,stop,0.9880,0.0012,0.0039,0.0019,0.0051,0.9880
22,0.733,stop,0.9884,0.0012,0.0039,0.0020,0.0046,0.9884
24,0.8,stop,0.9885,0.0012,0.0039,0.0021,0.0042,0.9885
26,0.867,stop,0.9882,0.0013,0.0041,0.0021,0.0043,0.9882
28,0.933,stop,0.9880,0.0015,0.0045,0.0021,0.0039,0.9880
30,1.0,stop,0.9880,0.0015,0.0048,0.0021,0.0036,0.9880
32,1.067,stop,0.9875,0.0017,0.0051,0.0021,0.0037,0.9875
34,1.133,stop,0.9865,0.0022,0.0054,0.0024,0.0036,0.9865
36,1.2,stop,0.9853,0.0028,0.0056,0.0027,0.0036,0.9853
38,1.267,stop,0.9841,0.0029,0.0057,0.0032,0.0042,0.9841
40,1.333,stop,0.9816,0.0031,0.0058,0.0037,0.0058,0.9816
42,1.4,stop,0.9778,0.0039,0.0064,0.0041,0.0079,0.9778
44,1.467,stop,0.9710,0.0044,0.0068,0.0047,0.0131,0.9710
46,1.533,stop,0.9647,0.0045,0.0071,0.0045,0.0191,0.9647
48,1.6,stop,0.9575,0.0045,0.0073,0.0039,0.0268,0.9575
50,1.667,stop,0.9505,0.0055,0.0077,0.0035,0.0329,0.9505
52,1.733,stop,0.9453,0.0070,0.0082,0.0034,0.0362,0.9453
54,1.8,stop,0.9484,0.0075,0.0078,0.0030,0.0332,0.9484
56,1.867,stop,0.9486,0.0090,0.0081,0.0033,0.0310,0.9486
58,1.933,stop,0.9582,0.0110,0.0079,0.0032,0.0196,0.9582
60,2.0,stop,0.9569,0.0127,0.0085,0.0035,0.0185,0.9569
62,2.067,stop,0.9564,0.0125,0.0087,0.0037,0.0187,0.9564
64,2.133,stop,0.9543,0.0134,0.0094,0.0040,0.0188,0.9543
66,2.2,stop,0.9506,0.0144,0.0104,0.0046,0.0201,0.9506
68,2.267,stop,0.9489,0.0156,0.0115,0.0049,0.0191,0.9489
70,2.333,stop,0.9489,0.0128,0.0113,0.0050,0.0219,0.9489
72,2.4,stop,0.9477,0.0111,0.0116,0.0048,0.0249,0.9477
74,2.467,stop,0.9444,0.0108,0.0122,0.0050,0.0276,0.9444
76,2.533,stop,0.9408,0.0123,0.0136,0.0056,0.0276,0.9408
78,2.6,stop,0.9393,0.0160,0.0148,0.0060,0.0239,0.9393
80,2.667,stop,0.9329,0.0212,0.0164,0.0067,0.0228,0.9329
82,2.733,stop,0.9286,0.0273,0.0171,0.0071,0.0198,0.9286
84,2.8,stop,0.9339,0.0260,0.0175,0.0066,0.0160,0.9339
86,2.867,stop,0.9331,0.0271,0.0176,0.0067,0.0154,0.9331
88,2.933,stop,0.9361,0.0247,0.0172,0.0065,0.0154,0.9361
90,3.0,stop,0.9440,0.0178,0.0162,0.0056,0.0165,0.9440
92,3.067,stop,0.9480,0.0145,0.0153,0.0051,0.0171,0.9480
94,3.133,stop,0.9498,0.0132,0.0148,0.0047,0.0174,0.9498
96,3.2,stop,0.9497,0.0131,0.0149,0.0047,0.0176,0.9497
98,3.267,stop,0.9484,0.0142,0.0152,0.0049,0.0173,0.9484
100,3.333,stop,0.9472,0.0152,0.0154,0.0050,0.0171,0.9472
102,3.4,stop,0.9458,0.0167,0.0158,0.0052,0.0166,0.9458
104,3.467,stop,0.9445,0.0177,0.0161,0.0053,0.0165,0.9445
106,3.533,stop,0.9425,0.0190,0.0165,0.0054,0.0167,0.9425
108,3.6,stop,0.9421,0.0197,0.0165,0.0055,0.0162,0.9421
110,3.667,stop,0.9411,0.0204,0.0157,0.0057,0.0172,0.9411
112,3.733,stop,0.9425,0.0187,0.0157,0.0053,0.0177,0.9425
114,3.8,stop,0.9438,0.0180,0.0155,0.0052,0.0175,0.9438
116,3.867,stop,0.9447,0.0171,0.0153,0.0051,0.0178,0.9447
118,3.933,stop,0.9452,0.0169,0.0153,0.0051,0.0175,0.9452
120,4.0,stop,0.9460,0.0163,0.0151,0.0049,0.0176,0.9460
122,4.067,stop,0.9455,0.0166,0.0152,0.0050,0.0176,0.9455
124,4.133,stop,0.9466,0.0145,0.0146,0.0049,0.0194,0.9466
126,4.2,stop,0.9416,0.0176,0.0148,0.0058,0.0201,0.9416
128,4.267,stop,0.9396,0.0189,0.0145,0.0062,0.0207,0.9396
130,4.333,stop,0.9376,0.0183,0.0140,0.0067,0.0235,0.9376
132,4.4,stop,0.9387,0.0164,0.0130,0.0066,0.0253,0.9387
134,4.467,stop,0.9371,0.0155,0.0123,0.0067,0.0285,0.9371
136,4.533,stop,0.9353,0.0142,0.0113,0.0067,0.0325,0.9353
138,4.6,stop,0.9197,0.0163,0.0116,0.0081,0.0443,0.9197
140,4.667,stop,0.8856,0.0172,0.0116,0.0082,0.0775,0.8856
142,4.733,stop,0.7876,0.0211,0.0121,0.0106,0.1686,0.7876
144,4.8,stop,0.5648,0.0191,0.0104,0.0109,0.3949,0.5648
146,4.867,shake,0.5184,0.0146,0.0090,0.0102,0.5184,0.4478
148,4.933,shake,0.5427,0.0130,0.0085,0.0098,0.5427,0.4260
150,5.0,stop,0.5127,0.0124,0.0091,0.0102,0.4556,0.5127
152,5.067,stop,0.7143,0.0069,0.0088,0.0078,0.2622,0.7143
154,5.133,stop,0.9001,0.0038,0.0073,0.0052,0.0836,0.9001
156,5.2,stop,0.9519,0.0027,0.0061,0.0044,0.0349,0.9519
158,5.267,stop,0.9850,0.0015,0.0040,0.0028,0.0066,0.9850
160,5.333,stop,0.9879,0.0012,0.0035,0.0030,0.0044,0.9879
162,5.4,stop,0.9884,0.0011,0.0034,0.0033,0.0038,0.9884
164,5.467,stop,0.9884,0.0011,0.0034,0.0037,0.0033,0.9884
166,5.533,stop,0.9884,0.0011,0.0034,0.0040,0.0031,0.9884
168,5.6,stop,0.9882,0.0012,0.0034,0.0044,0.0027,0.9882
170,5.667,stop,0.9883,0.0012,0.0033,0.0046,0.0025,0.9883
172,5.733,stop,0.9884,0.0012,0.0033,0.0047,0.0025,0.9884
174,5.8,stop,0.9884,0.0012,0.0032,0.0048,0.0024,0.9884
176,5.867,stop,0.9884,0.0012,0.0032,0.0049,0.0023,0.9884
178,5.933,stop,0.9886,0.0011,0.0032,0.0048,0.0023,0.9886
180,6.0,stop,0.9887,0.0011,0.0031,0.0048,0.0023,0.9887
182,6.067,stop,0.9891,0.0010,0.0030,0.0045,0.0023,0.9891
184,6.133,stop,0.9892,0.0010,0.0030,0.0045,0.0023,0.9892
186,6.2,stop,0.9893,0.0010,0.0030,0.0045,0.0023,0.9893
188,6.267,stop,0.9893,0.0010,0.0029,0.0045,0.0023,0.9893
190,6.333,stop,0.9895,0.0011,0.0029,0.0044,0.0022,0.9895
192,6.4,stop,0.9895,0.0011,0.0028,0.0044,0.0022,0.9895
194,6.467,stop,0.9894,0.0012,0.0028,0.0044,0.0021,0.9894
196,6.533,stop,0.9896,0.0012,0.0027,0.0045,0.0020,0.9896
198,6.6,stop,0.9896,0.0013,0.0027,0.0045,0.0019,0.9896
200,6.667,stop,0.9895,0.0014,0.0027,0.0046,0.0019,0.9895
202,6.733,stop,0.9894,0.0015,0.0027,0.0045,0.0019,0.9894
204,6.8,stop,0.9896,0.0015,0.0027,0.0043,0.0020,0.9896
206,6.867,stop,0.9897,0.0015,0.0027,0.0040,0.0021,0.9897
208,6.933,stop,0.9900,0.0014,0.0028,0.0036,0.0022,0.9900
210,7.0,stop,0.9902,0.0014,0.0028,0.0032,0.0023,0.9902
212,7.067,stop,0.9905,0.0013,0.0028,0.0029,0.0025,0.9905
214,7.133,stop,0.9911,0.0011,0.0028,0.0023,0.0026,0.9911
216,7.2,stop,0.9912,0.0011,0.0028,0.0022,0.0028,0.9912
218,7.267,stop,0.9910,0.0011,0.0028,0.0022,0.0029,0.9910
220,7.333,stop,0.9910,0.0011,0.0029,0.0021,0.0028,0.9910
222,7.4,stop,0.9912,0.0011,0.0029,0.0020,0.0029,0.9912
224,7.467,stop,0.9913,0.0011,0.0029,0.0019,0.0029,0.9913
226,7.533,stop,0.9912,0.0011,0.0030,0.0019,0.0028,0.9912
228,7.6,stop,0.9911,0.0011,0.0030,0.0018,0.0029,0.9911
230,7.667,stop,0.9913,0.0011,0.0030,0.0017,0.0029,0.9913
232,7.733,stop,0.9910,0.0011,0.0031,0.0017,0.0030,0.9910
234,7.8,stop,0.9898,0.0012,0.0033,0.0019,0.0038,0.9898
236,7.867,stop,0.9874,0.0013,0.0038,0.0021,0.0054,0.9874
238,7.933,stop,0.9832,0.0015,0.0044,0.0023,0.0087,0.9832
240,8.0,stop,0.9769,0.0018,0.0053,0.0023,0.0137,0.9769
242,8.067,stop,0.9695,0.0023,0.0063,0.0024,0.0195,0.9695
244,8.133,stop,0.9589,0.0035,0.0079,0.0025,0.0272,0.9589
246,8.2,stop,0.9406,0.0062,0.0100,0.0031,0.0400,0.9406
248,8.267,stop,0.9313,0.0094,0.0110,0.0032,0.0451,0.9313
250,8.333,stop,0.9373,0.0169,0.0112,0.0035,0.0312,0.9373
252,8.4,stop,0.9386,0.0233,0.0109,0.0036,0.0236,0.9386
254,8.467,stop,0.9337,0.0318,0.0107,0.0040,0.0198,0.9337
256,8.533,stop,0.9394,0.0276,0.0099,0.0040,0.0190,0.9394
258,8.6,stop,0.9510,0.0202,0.0088,0.0036,0.0164,0.9510
260,8.667,stop,0.9555,0.0144,0.0084,0.0036,0.0182,0.9555
262,8.733,stop,0.9571,0.0102,0.0079,0.0035,0.0214,0.9571
264,8.8,stop,0.9579,0.0063,0.0073,0.0027,0.0258,0.9579
266,8.867,stop,0.9530,0.0057,0.0076,0.0026,0.0311,0.9530
268,8.933,stop,0.9535,0.0054,0.0076,0.0023,0.0311,0.9535
270,9.0,stop,0.9491,0.0059,0.0082,0.0023,0.0345,0.9491
272,9.067,stop,0.9458,0.0062,0.0087,0.0021,0.0371,0.9458
274,9.133,stop,0.9615,0.0066,0.0082,0.0017,0.0220,0.9615
276,9.2,stop,0.9624,0.0067,0.0083,0.0016,0.0211,0.9624
278,9.267,stop,0.9635,0.0080,0.0086,0.0016,0.0184,0.9635
280,9.333,stop,0.9648,0.0072,0.0084,0.0014,0.0182,0.9648
282,9.4,stop,0.9638,0.0077,0.0085,0.0015,0.0185,0.9638
284,9.467,stop,0.9602,0.0082,0.0091,0.0016,0.0209,0.9602
286,9.533,stop,0.9499,0.0087,0.0098,0.0018,0.0298,0.9499
288,9.6,stop,0.9373,0.0105,0.0112,0.0020,0.0390,0.9373
290,9.667,stop,0.9188,0.0123,0.0130,0.0022,0.0537,0.9188
292,9.733,stop,0.9013,0.0149,0.0149,0.0024,0.0664,0.9013
294,9.8,stop,0.8701,0.0207,0.0175,0.0028,0.0889,0.8701
296,9.867,stop,0.8324,0.0298,0.0204,0.0034,0.1141,0.8324
298,9.933,stop,0.8268,0.0394,0.0226,0.0040,0.1073,0.8268
300,10.0,stop,0.8527,0.0437,0.0240,0.0038,0.0758,0.8527
302,10.067,stop,0.8473,0.0552,0.0254,0.0044,0.0677,0.8473
304,10.133,stop,0.8266,0.0866,0.0273,0.0053,0.0542,0.8266
306,10.2,stop,0.7733,0.1437,0.0293,0.0065,0.0472,0.7733
308,10.267,stop,0.8010,0.1241,0.0268,0.0069,0.0411,0.8010
310,10.333,stop,0.8148,0.1166,0.0250,0.0070,0.0366,0.8148
312,10.4,stop,0.8519,0.0764,0.0235,0.0063,0.0419,0.8519
314,10.467,stop,0.8414,0.0784,0.0253,0.0071,0.0478,0.8414
316,10.533,stop,0.8312,0.0701,0.0265,0.0077,0.0645,0.8312
318,10.6,stop,0.8428,0.0464,0.0244,0.0068,0.0796,0.8428
320,10.667,stop,0.8349,0.0447,0.0242,0.0065,0.0897,0.8349
322,10.733,stop,0.8197,0.0528,0.0249,0.0070,0.0957,0.8197
324,10.8,shake,0.8421,0.0027,0.0027,0.0033,0.8421,0.1492
326,10.867,stop,0.8343,0.0484,0.0181,0.0076,0.0916,0.8343
328,10.933,stop,0.8642,0.0324,0.0156,0.0056,0.0822,0.8642
330,11.0,stop,0.8910,0.0295,0.0142,0.0047,0.0605,0.8910
332,11.067,stop,0.8926,0.0371,0.0146,0.0052,0.0505,0.8926
334,11.133,stop,0.8961,0.0412,0.0144,0.0052,0.0431,0.8961
336,11.2,stop,0.8819,0.0594,0.0152,0.0056,0.0379,0.8819
338,11.267,stop,0.8792,0.0692,0.0153,0.0053,0.0310,0.8792
340,11.333,stop,0.8762,0.0745,0.0152,0.0054,0.0287,0.8762
342,11.4,stop,0.8717,0.0845,0.0148,0.0052,0.0238,0.8717
344,11.467,stop,0.9067,0.0495,0.0141,0.0043,0.0255,0.9067
346,11.533,stop,0.9227,0.0334,0.0134,0.0037,0.0269,0.9227
348,11.6,stop,0.9314,0.0234,0.0128,0.0032,0.0292,0.9314
350,11.667,stop,0.9380,0.0167,0.0119,0.0026,0.0307,0.9380
352,11.733,stop,0.9392,0.0167,0.0119,0.0027,0.0296,0.9392
354,11.8,stop,0.9387,0.0164,0.0123,0.0027,0.0300,0.9387
356,11.867,stop,0.9354,0.0180,0.0131,0.0028,0.0308,0.9354
358,11.933,stop,0.9334,0.0191,0.0136,0.0029,0.0310,0.9334
360,12.0,stop,0.9309,0.0187,0.0136,0.0028,0.0339,0.9309
362,12.067,stop,0.9291,0.0180,0.0137,0.0027,0.0365,0.9291
364,12.133,stop,0.9270,0.0186,0.0140,0.0028,0.0375,0.9270
366,12.2,stop,0.9267,0.0170,0.0140,0.0027,0.0396,0.9267
368,12.267,stop,0.9297,0.0156,0.0139,0.0025,0.0382,0.9297
370,12.333,stop,0.9300,0.0147,0.0137,0.0026,0.0391,0.9300
372,12.4,stop,0.9298,0.0140,0.0137,0.0026,0.0399,0.9298
374,12.467,stop,0.9309,0.0143,0.0143,0.0028,0.0376,0.9309
376,12.533,stop,0.9301,0.0152,0.0152,0.0030,0.0366,0.9301
378,12.6,stop,0.9301,0.0166,0.0160,0.0031,0.0341,0.9301
380,12.667,stop,0.9281,0.0184,0.0166,0.0034,0.0334,0.9281
382,12.733,stop,0.9270,0.0214,0.0170,0.0036,0.0310,0.9270
384,12.8,shake,0.5160,0.0039,0.0063,0.0041,0.5160,0.4697
386,12.867,shake,0.5171,0.0045,0.0066,0.0046,0.5171,0.4672
388,12.933,shake,0.5245,0.0047,0.0066,0.0047,0.5245,0.4595
390,13.0,shake,0.5201,0.0047,0.0067,0.0046,0.5201,0.4639
392,13.067,shake,0.5196,0.0048,0.0067,0.0046,0.5196,0.4643
394,13.133,shake,0.5086,0.0048,0.0067,0.0045,0.5086,0.4753
396,13.2,shake,0.4921,0.0058,0.0071,0.0049,0.4921,0.4901
16,0.533,stop,0.9533,0.0016,0.0381,0.0051,0.0019,0.9533
18,0.6,stop,0.9539,0.0016,0.0376,0.0051,0.0018,0.9539
20,0.667,stop,0.9516,0.0018,0.0395,0.0052,0.0018,0.9516
22,0.733,stop,0.9494,0.0019,0.0415,0.0054,0.0019,0.9494
24,0.8,stop,0.9496,0.0018,0.0415,0.0052,0.0019,0.9496
26,0.867,stop,0.9487,0.0018,0.0424,0.0053,0.0019,0.9487
28,0.933,stop,0.9495,0.0017,0.0419,0.0051,0.0019,0.9495
30,1.0,stop,0.9511,0.0016,0.0403,0.0051,0.0020,0.9511
32,1.067,stop,0.9525,0.0015,0.0388,0.0052,0.0020,0.9525
34,1.133,stop,0.9553,0.0015,0.0360,0.0053,0.0019,0.9553
36,1.2,stop,0.9549,0.0015,0.0362,0.0055,0.0020,0.9549
38,1.267,stop,0.9538,0.0017,0.0368,0.0058,0.0019,0.9538
40,1.333,stop,0.9516,0.0018,0.0387,0.0059,0.0019,0.9516
42,1.4,stop,0.9512,0.0019,0.0391,0.0059,0.0019,0.9512
44,1.467,stop,0.9504,0.0019,0.0399,0.0058,0.0019,0.9504
46,1.533,stop,0.9511,0.0018,0.0398,0.0055,0.0017,0.9511
48,1.6,stop,0.9538,0.0016,0.0380,0.0049,0.0017,0.9538
50,1.667,stop,0.9540,0.0015,0.0379,0.0049,0.0017,0.9540
52,1.733,stop,0.9549,0.0015,0.0370,0.0049,0.0017,0.9549
54,1.8,stop,0.9556,0.0014,0.0365,0.0048,0.0017,0.9556
56,1.867,stop,0.9536,0.0014,0.0378,0.0053,0.0019,0.9536
58,1.933,stop,0.9517,0.0016,0.0390,0.0057,0.0021,0.9517
60,2.0,stop,0.9514,0.0016,0.0382,0.0064,0.0023,0.9514
62,2.067,stop,0.9540,0.0016,0.0351,0.0069,0.0024,0.9540
64,2.133,stop,0.9562,0.0017,0.0320,0.0077,0.0024,0.9562
66,2.2,stop,0.9578,0.0019,0.0294,0.0086,0.0024,0.9578
68,2.267,stop,0.9605,0.0019,0.0256,0.0097,0.0023,0.9605
70,2.333,stop,0.9657,0.0018,0.0209,0.0097,0.0019,0.9657
72,2.4,stop,0.9670,0.0019,0.0195,0.0099,0.0017,0.9670
74,2.467,stop,0.9678,0.0019,0.0187,0.0099,0.0017,0.9678
76,2.533,stop,0.9672,0.0021,0.0189,0.0101,0.0017,0.9672
78,2.6,stop,0.9669,0.0022,0.0191,0.0100,0.0017,0.9669
80,2.667,stop,0.9663,0.0023,0.0199,0.0098,0.0018,0.9663
82,2.733,stop,0.9648,0.0025,0.0211,0.0098,0.0018,0.9648
84,2.8,stop,0.9636,0.0027,0.0224,0.0095,0.0019,0.9636
86,2.867,stop,0.9620,0.0027,0.0240,0.0093,0.0020,0.9620
88,2.933,stop,0.9618,0.0026,0.0245,0.0091,0.0020,0.9618
90,3.0,stop,0.9608,0.0027,0.0253,0.0092,0.0021,0.9608
92,3.067,stop,0.9596,0.0027,0.0262,0.0093,0.0022,0.9596
94,3.133,stop,0.9586,0.0028,0.0272,0.0092,0.0022,0.9586
96,3.2,stop,0.9594,0.0025,0.0269,0.0089,0.0022,0.9594
98,3.267,stop,0.9612,0.0023,0.0256,0.0087,0.0022,0.9612
100,3.333,stop,0.9614,0.0023,0.0254,0.0087,0.0022,0.9614
102,3.4,stop,0.9616,0.0023,0.0252,0.0088,0.0021,0.9616
104,3.467,stop,0.9620,0.0021,0.0248,0.0089,0.0022,0.9620
106,3.533,stop,0.9632,0.0020,0.0237,0.0090,0.0021,0.9632
108,3.6,stop,0.9640,0.0018,0.0222,0.0097,0.0022,0.9640
110,3.667,stop,0.9641,0.0017,0.0215,0.0104,0.0023,0.9641
112,3.733,stop,0.9644,0.0016,0.0208,0.0109,0.0023,0.9644
114,3.8,stop,0.9625,0.0017,0.0207,0.0128,0.0024,0.9625
116,3.867,stop,0.9602,0.0017,0.0215,0.0139,0.0027,0.9602
118,3.933,stop,0.9590,0.0017,0.0228,0.0137,0.0027,0.9590
120,4.0,stop,0.9566,0.0018,0.0263,0.0126,0.0027,0.9566
122,4.067,stop,0.9533,0.0019,0.0310,0.0113,0.0025,0.9533
124,4.133,stop,0.9505,0.0019,0.0355,0.0097,0.0023,0.9505
126,4.2,stop,0.9461,0.0019,0.0413,0.0083,0.0024,0.9461
128,4.267,stop,0.9428,0.0017,0.0466,0.0066,0.0023,0.9428
130,4.333,stop,0.9397,0.0017,0.0511,0.0055,0.0020,0.9397
132,4.4,stop,0.9424,0.0015,0.0487,0.0054,0.0020,0.9424
134,4.467,stop,0.9456,0.0014,0.0452,0.0057,0.0021,0.9456
136,4.533,stop,0.9490,0.0014,0.0415,0.0059,0.0022,0.9490
138,4.6,stop,0.9534,0.0014,0.0369,0.0062,0.0022,0.9534
140,4.667,stop,0.9579,0.0014,0.0319,0.0067,0.0021,0.9579
142,4.733,stop,0.9611,0.0014,0.0278,0.0075,0.0022,0.9611
144,4.8,stop,0.9640,0.0014,0.0241,0.0083,0.0022,0.9640
146,4.867,stop,0.9660,0.0014,0.0212,0.0093,0.0022,0.9660
148,4.933,stop,0.9688,0.0013,0.0178,0.0101,0.0019,0.9688
150,5.0,stop,0.9697,0.0012,0.0162,0.0110,0.0019,0.9697
152,5.067,stop,0.9701,0.0012,0.0152,0.0117,0.0018,0.9701
154,5.133,stop,0.9704,0.0012,0.0144,0.0123,0.0017,0.9704
156,5.2,stop,0.9699,0.0012,0.0149,0.0123,0.0017,0.9699
158,5.267,stop,0.9698,0.0013,0.0152,0.0121,0.0016,0.9698
160,5.333,stop,0.9705,0.0012,0.0153,0.0114,0.0016,0.9705
162,5.4,stop,0.9709,0.0012,0.0157,0.0106,0.0016,0.9709
164,5.467,stop,0.9706,0.0012,0.0166,0.0101,0.0016,0.9706
166,5.533,stop,0.9705,0.0012,0.0165,0.0102,0.0015,0.9705
168,5.6,stop,0.9703,0.0012,0.0165,0.0104,0.0016,0.9703
170,5.667,stop,0.9699,0.0012,0.0166,0.0108,0.0015,0.9699
172,5.733,stop,0.9693,0.0013,0.0169,0.0111,0.0015,0.9693
174,5.8,stop,0.9687,0.0013,0.0167,0.0118,0.0016,0.9687
176,5.867,stop,0.9682,0.0013,0.0172,0.0117,0.0016,0.9682
178,5.933,stop,0.9684,0.0012,0.0174,0.0114,0.0016,0.9684
180,6.0,stop,0.9686,0.0012,0.0175,0.0111,0.0016,0.9686
182,6.067,stop,0.9685,0.0012,0.0175,0.0112,0.0016,0.9685
184,6.133,stop,0.9682,0.0012,0.0181,0.0109,0.0016,0.9682
186,6.2,stop,0.9684,0.0012,0.0177,0.0111,0.0016,0.9684
188,6.267,stop,0.9683,0.0013,0.0179,0.0110,0.0016,0.9683
190,6.333,stop,0.9695,0.0012,0.0181,0.0097,0.0015,0.9695
192,6.4,stop,0.9691,0.0012,0.0177,0.0104,0.0017,0.9691
194,6.467,stop,0.9692,0.0011,0.0172,0.0108,0.0017,0.9692
196,6.533,stop,0.9689,0.0011,0.0173,0.0110,0.0017,0.9689
198,6.6,stop,0.9692,0.0011,0.0169,0.0111,0.0017,0.9692
200,6.667,stop,0.9693,0.0011,0.0168,0.0111,0.0017,0.9693
202,6.733,stop,0.9689,0.0012,0.0168,0.0115,0.0017,0.9689
204,6.8,stop,0.9687,0.0012,0.0168,0.0117,0.0016,0.9687
206,6.867,stop,0.9691,0.0013,0.0167,0.0115,0.0014,0.9691
208,6.933,stop,0.9701,0.0012,0.0168,0.0104,0.0015,0.9701
210,7.0,stop,0.9692,0.0013,0.0176,0.0103,0.0015,0.9692
212,7.067,stop,0.9688,0.0013,0.0181,0.0102,0.0016,0.9688
214,7.133,stop,0.9682,0.0014,0.0185,0.0103,0.0016,0.9682
216,7.2,stop,0.9679,0.0014,0.0188,0.0103,0.0016,0.9679
218,7.267,stop,0.9681,0.0013,0.0188,0.0101,0.0016,0.9681
220,7.333,stop,0.9685,0.0013,0.0185,0.0100,0.0017,0.9685
222,7.4,stop,0.9696,0.0012,0.0178,0.0098,0.0017,0.9696
224,7.467,stop,0.9707,0.0011,0.0168,0.0098,0.0016,0.9707
226,7.533,stop,0.9711,0.0010,0.0163,0.0100,0.0017,0.9711
228,7.6,stop,0.9710,0.0010,0.0158,0.0104,0.0017,0.9710
230,7.667,stop,0.9711,0.0010,0.0157,0.0105,0.0017,0.9711
232,7.733,stop,0.9705,0.0011,0.0157,0.0111,0.0017,0.9705
234,7.8,stop,0.9693,0.0012,0.0167,0.0111,0.0017,0.9693
236,7.867,stop,0.9676,0.0013,0.0179,0.0114,0.0017,0.9676
238,7.933,stop,0.9657,0.0016,0.0193,0.0117,0.0017,0.9657
240,8.0,stop,0.9634,0.0020,0.0214,0.0116,0.0017,0.9634
242,8.067,stop,0.9613,0.0022,0.0239,0.0110,0.0016,0.9613
244,8.133,stop,0.9593,0.0025,0.0260,0.0106,0.0016,0.9593
246,8.2,stop,0.9580,0.0026,0.0277,0.0101,0.0016,0.9580
16,0.533,stop,0.9209,0.0015,0.0661,0.0096,0.0020,0.9209
18,0.6,stop,0.9207,0.0015,0.0660,0.0098,0.0019,0.9207
20,0.667,stop,0.9215,0.0015,0.0649,0.0101,0.0019,0.9215
22,0.733,stop,0.9220,0.0015,0.0640,0.0105,0.0020,0.9220
24,0.8,stop,0.9221,0.0016,0.0636,0.0108,0.0020,0.9221
26,0.867,stop,0.9229,0.0016,0.0622,0.0113,0.0020,0.9229
28,0.933,stop,0.9242,0.0015,0.0606,0.0118,0.0020,0.9242
30,1.0,stop,0.9250,0.0015,0.0593,0.0121,0.0020,0.9250
32,1.067,stop,0.9263,0.0014,0.0581,0.0122,0.0020,0.9263
34,1.133,stop,0.9259,0.0014,0.0585,0.0122,0.0020,0.9259
36,1.2,stop,0.9249,0.0015,0.0591,0.0124,0.0020,0.9249
38,1.267,stop,0.9237,0.0015,0.0605,0.0122,0.0021,0.9237
40,1.333,stop,0.9221,0.0016,0.0625,0.0117,0.0020,0.9221
42,1.4,stop,0.9203,0.0016,0.0644,0.0116,0.0020,0.9203
44,1.467,stop,0.9184,0.0017,0.0665,0.0114,0.0020,0.9184
46,1.533,stop,0.9164,0.0017,0.0685,0.0114,0.0021,0.9164
48,1.6,stop,0.9163,0.0017,0.0691,0.0110,0.0020,0.9163
16,0.533,stop,0.9734,0.0018,0.0192,0.0040,0.0016,0.9734
18,0.6,stop,0.9739,0.0017,0.0188,0.0041,0.0015,0.9739
20,0.667,stop,0.9742,0.0017,0.0186,0.0040,0.0015,0.9742
22,0.733,stop,0.9739,0.0017,0.0190,0.0039,0.0015,0.9739
24,0.8,stop,0.9738,0.0016,0.0194,0.0037,0.0015,0.9738
26,0.867,stop,0.9737,0.0016,0.0197,0.0036,0.0015,0.9737
28,0.933,stop,0.9730,0.0015,0.0205,0.0034,0.0016,0.9730
30,1.0,stop,0.9719,0.0015,0.0218,0.0032,0.0016,0.9719
32,1.067,stop,0.9711,0.0016,0.0226,0.0031,0.0016,0.9711
34,1.133,stop,0.9708,0.0016,0.0229,0.0032,0.0016,0.9708
36,1.2,stop,0.9704,0.0016,0.0232,0.0032,0.0016,0.9704
38,1.267,stop,0.9703,0.0016,0.0234,0.0031,0.0016,0.9703
40,1.333,stop,0.9699,0.0016,0.0237,0.0032,0.0016,0.9699
42,1.4,stop,0.9700,0.0016,0.0237,0.0031,0.0016,0.9700
44,1.467,stop,0.9703,0.0016,0.0234,0.0031,0.0015,0.9703
46,1.533,stop,0.9703,0.0016,0.0234,0.0032,0.0015,0.9703
48,1.6,stop,0.9698,0.0017,0.0238,0.0032,0.0015,0.9698
50,1.667,stop,0.9690,0.0017,0.0245,0.0032,0.0015,0.9690
52,1.733,stop,0.9684,0.0018,0.0249,0.0032,0.0016,0.9684
54,1.8,stop,0.9691,0.0018,0.0242,0.0032,0.0017,0.9691
16,0.533,stop,0.9102,0.0013,0.0766,0.0099,0.0019,0.9102
18,0.6,stop,0.9092,0.0013,0.0777,0.0099,0.0019,0.9092
20,0.667,stop,0.9092,0.0013,0.0777,0.0099,0.0019,0.9092
22,0.733,stop,0.9059,0.0014,0.0808,0.0100,0.0019,0.9059
24,0.8,stop,0.9027,0.0014,0.0839,0.0100,0.0019,0.9027
26,0.867,stop,0.8987,0.0015,0.0877,0.0102,0.0019,0.8987
28,0.933,stop,0.8945,0.0015,0.0915,0.0105,0.0019,0.8945
30,1.0,stop,0.8928,0.0015,0.0931,0.0107,0.0019,0.8928
32,1.067,stop,0.8940,0.0015,0.0919,0.0107,0.0019,0.8940
34,1.133,stop,0.8960,0.0015,0.0899,0.0108,0.0019,0.8960
36,1.2,stop,0.9032,0.0014,0.0829,0.0106,0.0019,0.9032
38,1.267,stop,0.9071,0.0014,0.0791,0.0105,0.0019,0.9071
40,1.333,stop,0.9105,0.0014,0.0759,0.0104,0.0019,0.9105
42,1.4,stop,0.9138,0.0014,0.0726,0.0104,0.0019,0.9138
44,1.467,stop,0.9139,0.0014,0.0724,0.0105,0.0019,0.9139
46,1.533,stop,0.9140,0.0014,0.0722,0.0106,0.0019,0.9140
48,1.6,stop,0.9137,0.0014,0.0725,0.0106,0.0019,0.9137
50,1.667,stop,0.9112,0.0014,0.0749,0.0106,0.0019,0.9112
52,1.733,stop,0.9113,0.0014,0.0748,0.0107,0.0019,0.9113
54,1.8,stop,0.9092,0.0014,0.0766,0.0109,0.0019,0.9092
56,1.867,stop,0.9074,0.0014,0.0782,0.0110,0.0019,0.9074
58,1.933,stop,0.9065,0.0014,0.0791,0.0111,0.0019,0.9065
60,2.0,stop,0.9050,0.0014,0.0807,0.0110,0.0019,0.9050
62,2.067,stop,0.9057,0.0014,0.0800,0.0109,0.0019,0.9057
64,2.133,stop,0.9076,0.0014,0.0783,0.0108,0.0019,0.9076
66,2.2,stop,0.9097,0.0013,0.0764,0.0106,0.0019,0.9097
68,2.267,stop,0.9122,0.0013,0.0741,0.0104,0.0019,0.9122
70,2.333,stop,0.9141,0.0013,0.0724,0.0103,0.0019,0.9141
72,2.4,stop,0.9148,0.0013,0.0718,0.0102,0.0019,0.9148
74,2.467,stop,0.9159,0.0013,0.0708,0.0101,0.0019,0.9159
76,2.533,stop,0.9150,0.0013,0.0717,0.0101,0.0019,0.9150
78,2.6,stop,0.9142,0.0013,0.0725,0.0102,0.0018,0.9142
80,2.667,stop,0.9141,0.0013,0.0725,0.0102,0.0018,0.9141
82,2.733,stop,0.9134,0.0014,0.0732,0.0102,0.0018,0.9134
84,2.8,stop,0.9130,0.0014,0.0736,0.0102,0.0018,0.9130
86,2.867,stop,0.9128,0.0014,0.0739,0.0101,0.0018,0.9128
88,2.933,stop,0.9125,0.0014,0.0741,0.0102,0.0018,0.9125
90,3.0,stop,0.9120,0.0014,0.0747,0.0101,0.0018,0.9120
92,3.067,stop,0.9097,0.0014,0.0770,0.0101,0.0018,0.9097
94,3.133,stop,0.9072,0.0014,0.0794,0.0100,0.0019,0.9072
96,3.2,stop,0.9050,0.0014,0.0816,0.0101,0.0019,0.9050
98,3.267,stop,0.9038,0.0014,0.0827,0.0101,0.0019,0.9038
100,3.333,stop,0.9018,0.0014,0.0847,0.0102,0.0019,0.9018
102,3.4,stop,0.9025,0.0014,0.0841,0.0101,0.0019,0.9025
104,3.467,stop,0.9017,0.0014,0.0849,0.0101,0.0019,0.9017
106,3.533,stop,0.9033,0.0014,0.0833,0.0101,0.0019,0.9033
108,3.6,stop,0.9031,0.0014,0.0835,0.0101,0.0019,0.9031
110,3.667,stop,0.9026,0.0014,0.0840,0.0101,0.0019,0.9026
112,3.733,stop,0.9026,0.0014,0.0840,0.0102,0.0019,0.9026
114,3.8,stop,0.9038,0.0014,0.0827,0.0101,0.0019,0.9038
116,3.867,stop,0.9047,0.0014,0.0818,0.0102,0.0019,0.9047
118,3.933,stop,0.9066,0.0014,0.0800,0.0102,0.0019,0.9066
120,4.0,stop,0.9088,0.0014,0.0777,0.0103,0.0019,0.9088
122,4.067,stop,0.9101,0.0014,0.0765,0.0102,0.0019,0.9101
124,4.133,stop,0.9111,0.0014,0.0755,0.0102,0.0019,0.9111
126,4.2,stop,0.9113,0.0014,0.0753,0.0102,0.0018,0.9113
128,4.267,stop,0.9111,0.0014,0.0756,0.0101,0.0018,0.9111
130,4.333,stop,0.9106,0.0014,0.0760,0.0102,0.0018,0.9106
132,4.4,stop,0.9098,0.0014,0.0767,0.0102,0.0018,0.9098
134,4.467,stop,0.9090,0.0014,0.0774,0.0103,0.0018,0.9090
136,4.533,stop,0.9074,0.0014,0.0791,0.0102,0.0018,0.9074
138,4.6,stop,0.9057,0.0014,0.0809,0.0102,0.0018,0.9057
140,4.667,stop,0.9052,0.0014,0.0813,0.0102,0.0018,0.9052
142,4.733,stop,0.9063,0.0014,0.0803,0.0101,0.0019,0.9063
144,4.8,stop,0.9072,0.0013,0.0796,0.0100,0.0019,0.9072
146,4.867,stop,0.9093,0.0013,0.0776,0.0100,0.0019,0.9093
148,4.933,stop,0.9109,0.0013,0.0759,0.0100,0.0018,0.9109
150,5.0,stop,0.9099,0.0014,0.0769,0.0101,0.0018,0.9099
152,5.067,stop,0.9101,0.0014,0.0766,0.0101,0.0018,0.9101
154,5.133,stop,0.9097,0.0014,0.0770,0.0101,0.0018,0.9097
156,5.2,stop,0.9097,0.0014,0.0770,0.0101,0.0018,0.9097
158,5.267,stop,0.9092,0.0014,0.0774,0.0101,0.0018,0.9092
160,5.333,stop,0.9104,0.0014,0.0763,0.0101,0.0018,0.9104
162,5.4,stop,0.9121,0.0013,0.0748,0.0099,0.0018,0.9121
164,5.467,stop,0.9154,0.0013,0.0717,0.0098,0.0018,0.9154
166,5.533,stop,0.9173,0.0013,0.0698,0.0098,0.0018,0.9173
168,5.6,stop,0.9179,0.0013,0.0692,0.0098,0.0018,0.9179
170,5.667,stop,0.9180,0.0013,0.0690,0.0099,0.0018,0.9180
172,5.733,stop,0.9178,0.0014,0.0691,0.0099,0.0018,0.9178
174,5.8,stop,0.9155,0.0014,0.0713,0.0100,0.0018,0.9155
176,5.867,stop,0.9136,0.0014,0.0730,0.0101,0.0018,0.9136
178,5.933,stop,0.9128,0.0014,0.0738,0.0102,0.0018,0.9128
180,6.0,stop,0.9118,0.0014,0.0747,0.0102,0.0018,0.9118
182,6.067,stop,0.9117,0.0014,0.0749,0.0102,0.0018,0.9117
184,6.133,stop,0.9132,0.0014,0.0734,0.0102,0.0018,0.9132
186,6.2,stop,0.9151,0.0014,0.0715,0.0102,0.0018,0.9151
188,6.267,stop,0.9173,0.0013,0.0695,0.0100,0.0018,0.9173
190,6.333,stop,0.9186,0.0013,0.0682,0.0101,0.0018,0.9186
192,6.4,stop,0.9203,0.0013,0.0666,0.0101,0.0018,0.9203
194,6.467,stop,0.9208,0.0013,0.0660,0.0101,0.0018,0.9208
196,6.533,stop,0.9206,0.0013,0.0663,0.0100,0.0018,0.9206
198,6.6,stop,0.9198,0.0013,0.0671,0.0100,0.0018,0.9198
200,6.667,stop,0.9192,0.0013,0.0678,0.0099,0.0018,0.9192
202,6.733,stop,0.9167,0.0014,0.0701,0.0100,0.0018,0.9167
204,6.8,stop,0.9145,0.0014,0.0722,0.0101,0.0018,0.9145
206,6.867,stop,0.9132,0.0014,0.0735,0.0100,0.0018,0.9132
208,6.933,stop,0.9132,0.0014,0.0736,0.0100,0.0018,0.9132
210,7.0,stop,0.9122,0.0014,0.0747,0.0099,0.0018,0.9122
212,7.067,stop,0.9127,0.0014,0.0742,0.0100,0.0018,0.9127
214,7.133,stop,0.9124,0.0014,0.0745,0.0099,0.0018,0.9124
216,7.2,stop,0.9120,0.0014,0.0747,0.0100,0.0018,0.9120
218,7.267,stop,0.9115,0.0014,0.0751,0.0102,0.0018,0.9115
220,7.333,stop,0.9109,0.0014,0.0757,0.0102,0.0018,0.9109
222,7.4,stop,0.9126,0.0014,0.0741,0.0101,0.0018,0.9126
224,7.467,stop,0.9133,0.0014,0.0735,0.0101,0.0018,0.9133
226,7.533,stop,0.9156,0.0014,0.0713,0.0100,0.0018,0.9156
228,7.6,stop,0.9166,0.0013,0.0704,0.0099,0.0018,0.9166
230,7.667,stop,0.9166,0.0013,0.0705,0.0098,0.0018,0.9166
232,7.733,stop,0.9173,0.0013,0.0698,0.0098,0.0018,0.9173
234,7.8,stop,0.9155,0.0013,0.0715,0.0098,0.0018,0.9155
236,7.867,stop,0.9144,0.0013,0.0725,0.0099,0.0018,0.9144
238,7.933,stop,0.9126,0.0014,0.0741,0.0101,0.0018,0.9126
240,8.0,stop,0.9108,0.0014,0.0757,0.0102,0.0018,0.9108
242,8.067,stop,0.9096,0.0014,0.0770,0.0102,0.0018,0.9096
244,8.133,stop,0.9102,0.0014,0.0764,0.0102,0.0018,0.9102
246,8.2,stop,0.9114,0.0014,0.0752,0.0102,0.0018,0.9114
248,8.267,stop,0.9113,0.0014,0.0754,0.0101,0.0018,0.9113
250,8.333,stop,0.9135,0.0013,0.0732,0.0101,0.0018,0.9135
252,8.4,stop,0.9150,0.0013,0.0718,0.0101,0.0018,0.9150
254,8.467,stop,0.9160,0.0013,0.0707,0.0101,0.0018,0.9160
256,8.533,stop,0.9162,0.0013,0.0706,0.0100,0.0018,0.9162
258,8.6,stop,0.9162,0.0013,0.0707,0.0100,0.0018,0.9162
260,8.667,stop,0.9168,0.0013,0.0700,0.0100,0.0018,0.9168
262,8.733,stop,0.9178,0.0014,0.0690,0.0101,0.0018,0.9178
264,8.8,stop,0.9187,0.0014,0.0680,0.0102,0.0017,0.9187
266,8.867,stop,0.9190,0.0014,0.0677,0.0102,0.0017,0.9190
268,8.933,stop,0.9186,0.0014,0.0681,0.0102,0.0017,0.9186
270,9.0,stop,0.9175,0.0014,0.0691,0.0102,0.0017,0.9175
272,9.067,stop,0.9170,0.0014,0.0697,0.0102,0.0017,0.9170
274,9.133,stop,0.9158,0.0014,0.0709,0.0101,0.0018,0.9158
276,9.2,stop,0.9155,0.0014,0.0712,0.0101,0.0018,0.9155
278,9.267,stop,0.9132,0.0014,0.0735,0.0100,0.0018,0.9132
280,9.333,stop,0.9125,0.0014,0.0743,0.0100,0.0018,0.9125
282,9.4,stop,0.9121,0.0014,0.0748,0.0099,0.0018,0.9121
284,9.467,stop,0.9119,0.0014,0.0750,0.0098,0.0018,0.9119
16,0.533,stop,0.9570,0.0043,0.0046,0.0025,0.0316,0.9570
18,0.6,stop,0.9565,0.0042,0.0046,0.0025,0.0321,0.9565
20,0.667,stop,0.9598,0.0044,0.0046,0.0024,0.0289,0.9598
22,0.733,stop,0.9637,0.0041,0.0043,0.0024,0.0256,0.9637
24,0.8,stop,0.9717,0.0036,0.0039,0.0020,0.0189,0.9717
26,0.867,stop,0.9720,0.0037,0.0039,0.0020,0.0184,0.9720
28,0.933,stop,0.9724,0.0039,0.0040,0.0021,0.0177,0.9724
30,1.0,stop,0.9725,0.0043,0.0041,0.0022,0.0169,0.9725
32,1.067,stop,0.9727,0.0045,0.0041,0.0023,0.0164,0.9727
34,1.133,stop,0.9729,0.0047,0.0042,0.0024,0.0158,0.9729
36,1.2,stop,0.9727,0.0049,0.0042,0.0024,0.0157,0.9727
38,1.267,stop,0.9726,0.0050,0.0043,0.0024,0.0158,0.9726
40,1.333,stop,0.9726,0.0050,0.0043,0.0024,0.0157,0.9726
42,1.4,stop,0.9725,0.0049,0.0043,0.0024,0.0159,0.9725
44,1.467,stop,0.9722,0.0052,0.0044,0.0024,0.0158,0.9722
46,1.533,stop,0.9719,0.0055,0.0044,0.0025,0.0157,0.9719
48,1.6,stop,0.9718,0.0055,0.0044,0.0025,0.0158,0.9718
50,1.667,stop,0.9715,0.0053,0.0044,0.0025,0.0164,0.9715
52,1.733,stop,0.9711,0.0052,0.0043,0.0024,0.0169,0.9711
54,1.8,stop,0.9708,0.0051,0.0043,0.0024,0.0174,0.9708
56,1.867,stop,0.9705,0.0051,0.0042,0.0023,0.0178,0.9705
58,1.933,stop,0.9700,0.0052,0.0042,0.0023,0.0183,0.9700
60,2.0,stop,0.9693,0.0053,0.0043,0.0023,0.0188,0.9693
62,2.067,stop,0.9684,0.0060,0.0044,0.0023,0.0188,0.9684
64,2.133,stop,0.9684,0.0063,0.0045,0.0024,0.0184,0.9684
66,2.2,stop,0.9690,0.0059,0.0044,0.0023,0.0184,0.9690
68,2.267,stop,0.9692,0.0061,0.0044,0.0023,0.0180,0.9692
70,2.333,stop,0.9700,0.0059,0.0043,0.0023,0.0174,0.9700
72,2.4,stop,0.9702,0.0059,0.0043,0.0023,0.0172,0.9702
74,2.467,stop,0.9707,0.0058,0.0043,0.0023,0.0168,0.9707
76,2.533,stop,0.9711,0.0057,0.0043,0.0023,0.0166,0.9711
78,2.6,stop,0.9714,0.0057,0.0043,0.0023,0.0163,0.9714
80,2.667,stop,0.9718,0.0055,0.0042,0.0023,0.0162,0.9718
82,2.733,stop,0.9720,0.0052,0.0042,0.0023,0.0163,0.9720
84,2.8,stop,0.9720,0.0050,0.0041,0.0022,0.0166,0.9720
86,2.867,stop,0.9720,0.0049,0.0041,0.0022,0.0168,0.9720
88,2.933,stop,0.9719,0.0050,0.0041,0.0022,0.0168,0.9719
90,3.0,stop,0.9708,0.0052,0.0042,0.0023,0.0175,0.9708
16,0.533,stop,0.9886,0.0007,0.0042,0.0036,0.0029,0.9886
18,0.6,stop,0.9889,0.0007,0.0041,0.0035,0.0028,0.9889
20,0.667,stop,0.9902,0.0006,0.0038,0.0029,0.0025,0.9902
22,0.733,stop,0.9913,0.0006,0.0034,0.0027,0.0021,0.9913
24,0.8,stop,0.9910,0.0006,0.0035,0.0027,0.0022,0.9910
26,0.867,stop,0.9907,0.0006,0.0037,0.0026,0.0025,0.9907
28,0.933,stop,0.9888,0.0007,0.0043,0.0028,0.0034,0.9888
30,1.0,stop,0.9853,0.0009,0.0054,0.0032,0.0052,0.9853
32,1.067,stop,0.9827,0.0011,0.0064,0.0032,0.0066,0.9827
34,1.133,stop,0.9807,0.0012,0.0073,0.0030,0.0078,0.9807
36,1.2,stop,0.9791,0.0014,0.0081,0.0029,0.0086,0.9791
38,1.267,stop,0.9785,0.0016,0.0089,0.0027,0.0083,0.9785
40,1.333,stop,0.9780,0.0018,0.0093,0.0026,0.0082,0.9780
42,1.4,stop,0.9813,0.0016,0.0087,0.0022,0.0062,0.9813
44,1.467,stop,0.9850,0.0014,0.0077,0.0018,0.0041,0.9850
46,1.533,stop,0.9857,0.0014,0.0073,0.0018,0.0038,0.9857
48,1.6,stop,0.9858,0.0015,0.0072,0.0019,0.0036,0.9858
50,1.667,stop,0.9856,0.0015,0.0073,0.0020,0.0036,0.9856
52,1.733,stop,0.9853,0.0016,0.0073,0.0021,0.0036,0.9853
54,1.8,stop,0.9853,0.0017,0.0074,0.0021,0.0036,0.9853
56,1.867,stop,0.9852,0.0017,0.0074,0.0022,0.0035,0.9852
58,1.933,stop,0.9840,0.0018,0.0078,0.0023,0.0041,0.9840
60,2.0,stop,0.9813,0.0019,0.0085,0.0025,0.0058,0.9813
62,2.067,stop,0.9797,0.0019,0.0090,0.0026,0.0068,0.9797
64,2.133,stop,0.9792,0.0018,0.0092,0.0026,0.0072,0.9792
66,2.2,stop,0.9789,0.0018,0.0093,0.0026,0.0074,0.9789
68,2.267,stop,0.9791,0.0018,0.0092,0.0026,0.0073,0.9791
70,2.333,stop,0.9790,0.0018,0.0092,0.0027,0.0072,0.9790
72,2.4,stop,0.9798,0.0018,0.0090,0.0027,0.0066,0.9798
74,2.467,stop,0.9844,0.0016,0.0079,0.0023,0.0038,0.9844
76,2.533,stop,0.9842,0.0016,0.0081,0.0023,0.0038,0.9842
78,2.6,stop,0.9842,0.0016,0.0082,0.0022,0.0038,0.9842
80,2.667,stop,0.9843,0.0016,0.0082,0.0021,0.0038,0.9843
82,2.733,stop,0.9845,0.0015,0.0081,0.0021,0.0038,0.9845
84,2.8,stop,0.9845,0.0015,0.0082,0.0020,0.0038,0.9845
86,2.867,stop,0.9845,0.0015,0.0082,0.0020,0.0038,0.9845
88,2.933,stop,0.9844,0.0015,0.0083,0.0020,0.0037,0.9844
90,3.0,stop,0.9844,0.0015,0.0083,0.0020,0.0038,0.9844
92,3.067,stop,0.9842,0.0015,0.0084,0.0019,0.0039,0.9842
94,3.133,stop,0.9842,0.0015,0.0083,0.0019,0.0041,0.9842
96,3.2,stop,0.9841,0.0015,0.0083,0.0018,0.0043,0.9841
98,3.267,stop,0.9844,0.0014,0.0082,0.0017,0.0042,0.9844
100,3.333,stop,0.9847,0.0014,0.0081,0.0016,0.0042,0.9847
102,3.4,stop,0.9851,0.0013,0.0078,0.0016,0.0042,0.9851
104,3.467,stop,0.9854,0.0013,0.0076,0.0017,0.0041,0.9854
106,3.533,stop,0.9860,0.0013,0.0072,0.0017,0.0038,0.9860
108,3.6,stop,0.9866,0.0012,0.0067,0.0018,0.0037,0.9866
110,3.667,stop,0.9875,0.0011,0.0063,0.0017,0.0034,0.9875
112,3.733,stop,0.9879,0.0011,0.0060,0.0017,0.0032,0.9879
114,3.8,stop,0.9886,0.0010,0.0057,0.0017,0.0030,0.9886
116,3.867,stop,0.9891,0.0009,0.0054,0.0016,0.0029,0.9891
118,3.933,stop,0.9894,0.0009,0.0053,0.0016,0.0029,0.9894
120,4.0,stop,0.9868,0.0012,0.0059,0.0022,0.0038,0.9868
122,4.067,stop,0.9846,0.0014,0.0066,0.0026,0.0048,0.9846
124,4.133,stop,0.9833,0.0015,0.0070,0.0028,0.0054,0.9833
126,4.2,stop,0.9830,0.0015,0.0071,0.0028,0.0056,0.9830
128,4.267,stop,0.9827,0.0015,0.0073,0.0028,0.0057,0.9827
130,4.333,stop,0.9827,0.0014,0.0073,0.0027,0.0058,0.9827
132,4.4,stop,0.9840,0.0013,0.0070,0.0024,0.0053,0.9840
134,4.467,stop,0.9870,0.0011,0.0061,0.0018,0.0039,0.9870
136,4.533,stop,0.9893,0.0009,0.0053,0.0017,0.0028,0.9893
138,4.6,stop,0.9893,0.0009,0.0053,0.0017,0.0028,0.9893
140,4.667,stop,0.9892,0.0009,0.0053,0.0017,0.0029,0.9892
142,4.733,stop,0.9891,0.0009,0.0054,0.0016,0.0029,0.9891
144,4.8,stop,0.9889,0.0010,0.0054,0.0016,0.0031,0.9889
146,4.867,stop,0.9886,0.0010,0.0055,0.0016,0.0033,0.9886
148,4.933,stop,0.9864,0.0012,0.0063,0.0018,0.0044,0.9864
150,5.0,stop,0.9813,0.0015,0.0078,0.0023,0.0071,0.9813
152,5.067,stop,0.9765,0.0020,0.0095,0.0028,0.0092,0.9765
154,5.133,stop,0.9711,0.0024,0.0115,0.0032,0.0117,0.9711
156,5.2,stop,0.9452,0.0036,0.0154,0.0046,0.0313,0.9452
158,5.267,stop,0.8960,0.0051,0.0201,0.0060,0.0727,0.8960
160,5.333,stop,0.8585,0.0063,0.0242,0.0068,0.1042,0.8585
162,5.4,stop,0.8735,0.0067,0.0264,0.0067,0.0867,0.8735
164,5.467,stop,0.9139,0.0070,0.0268,0.0060,0.0463,0.9139
166,5.533,stop,0.9121,0.0080,0.0289,0.0062,0.0449,0.9121
168,5.6,stop,0.9209,0.0087,0.0293,0.0060,0.0350,0.9209
170,5.667,stop,0.9329,0.0089,0.0297,0.0055,0.0229,0.9329
172,5.733,stop,0.9530,0.0078,0.0270,0.0047,0.0076,0.9530
174,5.8,stop,0.9491,0.0082,0.0295,0.0050,0.0082,0.9491
176,5.867,stop,0.9451,0.0088,0.0321,0.0053,0.0087,0.9451
178,5.933,stop,0.9405,0.0099,0.0352,0.0056,0.0088,0.9405
180,6.0,stop,0.9377,0.0106,0.0370,0.0057,0.0089,0.9377
182,6.067,stop,0.9360,0.0110,0.0379,0.0058,0.0092,0.9360
184,6.133,stop,0.9360,0.0111,0.0382,0.0058,0.0090,0.9360
186,6.2,stop,0.9366,0.0111,0.0375,0.0057,0.0090,0.9366
188,6.267,stop,0.9382,0.0109,0.0363,0.0056,0.0089,0.9382
190,6.333,stop,0.9396,0.0107,0.0355,0.0054,0.0089,0.9396
192,6.4,stop,0.9407,0.0102,0.0347,0.0053,0.0091,0.9407
194,6.467,stop,0.9414,0.0098,0.0344,0.0051,0.0092,0.9414
196,6.533,stop,0.9414,0.0097,0.0346,0.0050,0.0093,0.9414
198,6.6,stop,0.9414,0.0097,0.0344,0.0050,0.0095,0.9414
200,6.667,stop,0.9413,0.0098,0.0346,0.0050,0.0094,0.9413
202,6.733,stop,0.9405,0.0101,0.0349,0.0052,0.0092,0.9405
204,6.8,stop,0.9400,0.0105,0.0350,0.0054,0.0091,0.9400
206,6.867,stop,0.9404,0.0107,0.0345,0.0055,0.0090,0.9404
208,6.933,stop,0.9397,0.0111,0.0342,0.0058,0.0092,0.9397
210,7.0,stop,0.9395,0.0110,0.0343,0.0058,0.0093,0.9395
212,7.067,stop,0.9385,0.0107,0.0355,0.0057,0.0096,0.9385
214,7.133,stop,0.9384,0.0107,0.0357,0.0056,0.0097,0.9384
216,7.2,stop,0.9382,0.0105,0.0360,0.0053,0.0099,0.9382
218,7.267,stop,0.9403,0.0100,0.0349,0.0051,0.0097,0.9403
220,7.333,stop,0.9400,0.0099,0.0350,0.0049,0.0102,0.9400
222,7.4,stop,0.9409,0.0099,0.0347,0.0047,0.0098,0.9409
224,7.467,stop,0.9424,0.0096,0.0334,0.0046,0.0099,0.9424
226,7.533,stop,0.9439,0.0096,0.0322,0.0047,0.0097,0.9439
228,7.6,stop,0.9454,0.0095,0.0308,0.0047,0.0096,0.9454
