frame,time,pred_class,conf,prob_walk,prob_lick,prob_scratch,prob_shake,prob_stop
16,0.533,stop,0.9503,0.0070,0.0143,0.0066,0.0218,0.9503
18,0.6,stop,0.9545,0.0061,0.0136,0.0065,0.0193,0.9545
20,0.667,stop,0.9628,0.0042,0.0124,0.0058,0.0148,0.9628
22,0.733,stop,0.9637,0.0042,0.0125,0.0062,0.0135,0.9637
24,0.8,stop,0.9641,0.0043,0.0127,0.0066,0.0124,0.9641
26,0.867,stop,0.9630,0.0047,0.0134,0.0066,0.0123,0.9630
28,0.933,stop,0.9625,0.0054,0.0145,0.0068,0.0108,0.9625
30,1.0,stop,0.9634,0.0054,0.0150,0.0065,0.0096,0.9634
32,1.067,stop,0.9622,0.0059,0.0159,0.0065,0.0095,0.9622
34,1.133,stop,0.9589,0.0079,0.0167,0.0074,0.0091,0.9589
36,1.2,stop,0.9551,0.0102,0.0172,0.0084,0.0092,0.9551
38,1.267,stop,0.9510,0.0104,0.0169,0.0100,0.0117,0.9510
40,1.333,stop,0.9426,0.0113,0.0168,0.0118,0.0176,0.9426
42,1.4,stop,0.9321,0.0133,0.0170,0.0133,0.0244,0.9321
44,1.467,stop,0.9092,0.0149,0.0173,0.0153,0.0433,0.9092
46,1.533,stop,0.8927,0.0140,0.0168,0.0144,0.0619,0.8927
48,1.6,stop,0.8746,0.0128,0.0165,0.0119,0.0841,0.8746
50,1.667,stop,0.8624,0.0153,0.0167,0.0106,0.0950,0.8624
52,1.733,stop,0.8630,0.0183,0.0172,0.0101,0.0914,0.8630
54,1.8,stop,0.8791,0.0189,0.0168,0.0087,0.0764,0.8791
56,1.867,stop,0.8791,0.0225,0.0175,0.0094,0.0715,0.8791
58,1.933,stop,0.8994,0.0272,0.0178,0.0093,0.0463,0.8994
60,2.0,stop,0.8942,0.0316,0.0190,0.0100,0.0451,0.8942
62,2.067,stop,0.8878,0.0325,0.0200,0.0108,0.0489,0.8878
64,2.133,stop,0.8785,0.0355,0.0217,0.0118,0.0525,0.8785
66,2.2,stop,0.8667,0.0381,0.0237,0.0132,0.0582,0.8667
68,2.267,stop,0.8629,0.0414,0.0258,0.0142,0.0558,0.8629
70,2.333,stop,0.8589,0.0345,0.0260,0.0144,0.0663,0.8589
72,2.4,stop,0.8532,0.0302,0.0266,0.0137,0.0762,0.8532
74,2.467,stop,0.8440,0.0300,0.0281,0.0144,0.0835,0.8440
76,2.533,stop,0.8381,0.0341,0.0300,0.0161,0.0817,0.8381
78,2.6,stop,0.8346,0.0446,0.0325,0.0169,0.0714,0.8346
80,2.667,stop,0.8216,0.0591,0.0346,0.0188,0.0659,0.8216
82,2.733,stop,0.8113,0.0768,0.0356,0.0197,0.0566,0.8113
84,2.8,stop,0.8310,0.0685,0.0353,0.0181,0.0471,0.8310
86,2.867,stop,0.8298,0.0711,0.0355,0.0182,0.0455,0.8298
88,2.933,stop,0.8377,0.0644,0.0348,0.0177,0.0453,0.8377
90,3.0,stop,0.8569,0.0441,0.0336,0.0155,0.0498,0.8569
92,3.067,stop,0.8641,0.0357,0.0326,0.0141,0.0535,0.8641
94,3.133,stop,0.8686,0.0322,0.0321,0.0130,0.0541,0.8686
96,3.2,stop,0.8685,0.0317,0.0319,0.0130,0.0548,0.8685
98,3.267,stop,0.8656,0.0343,0.0325,0.0136,0.0540,0.8656
100,3.333,stop,0.8626,0.0372,0.0330,0.0140,0.0532,0.8626
102,3.4,stop,0.8604,0.0408,0.0334,0.0145,0.0510,0.8604
104,3.467,stop,0.8579,0.0434,0.0336,0.0146,0.0505,0.8579
106,3.533,stop,0.8542,0.0465,0.0342,0.0147,0.0505,0.8542
108,3.6,stop,0.8544,0.0479,0.0343,0.0149,0.0485,0.8544
110,3.667,stop,0.8506,0.0501,0.0327,0.0154,0.0512,0.8506
112,3.733,stop,0.8551,0.0454,0.0328,0.0144,0.0523,0.8551
114,3.8,stop,0.8573,0.0440,0.0325,0.0142,0.0520,0.8573
116,3.867,stop,0.8584,0.0422,0.0324,0.0140,0.0530,0.8584
118,3.933,stop,0.8588,0.0425,0.0324,0.0140,0.0522,0.8588
120,4.0,stop,0.8596,0.0411,0.0324,0.0138,0.0532,0.8596
122,4.067,stop,0.8596,0.0415,0.0322,0.0140,0.0528,0.8596
124,4.133,stop,0.8587,0.0364,0.0312,0.0137,0.0599,0.8587
126,4.2,stop,0.8456,0.0442,0.0313,0.0162,0.0626,0.8456
128,4.267,stop,0.8384,0.0475,0.0308,0.0170,0.0663,0.8384
130,4.333,stop,0.8294,0.0468,0.0299,0.0184,0.0755,0.8294
132,4.4,stop,0.8281,0.0426,0.0285,0.0177,0.0831,0.8281
134,4.467,stop,0.8215,0.0418,0.0273,0.0181,0.0914,0.8215
136,4.533,stop,0.8086,0.0400,0.0254,0.0185,0.1075,0.8086
138,4.6,stop,0.7615,0.0466,0.0248,0.0216,0.1456,0.7615
140,4.667,stop,0.6623,0.0480,0.0228,0.0198,0.2471,0.6623
142,4.733,stop,0.4670,0.0537,0.0180,0.0211,0.4402,0.4670
144,4.8,shake,0.6740,0.0402,0.0106,0.0164,0.6740,0.2588
146,4.867,shake,0.7440,0.0295,0.0083,0.0145,0.7440,0.2036
148,4.933,shake,0.7380,0.0291,0.0083,0.0151,0.7380,0.2094
150,5.0,shake,0.6228,0.0322,0.0109,0.0182,0.6228,0.3160
152,5.067,stop,0.5501,0.0190,0.0140,0.0176,0.3993,0.5501
154,5.133,stop,0.8077,0.0117,0.0154,0.0142,0.1510,0.8077
156,5.2,stop,0.8994,0.0085,0.0147,0.0126,0.0648,0.8994
158,5.267,stop,0.9580,0.0051,0.0116,0.0089,0.0163,0.9580
160,5.333,stop,0.9632,0.0041,0.0109,0.0096,0.0122,0.9632
162,5.4,stop,0.9636,0.0041,0.0107,0.0107,0.0110,0.9636
164,5.467,stop,0.9634,0.0040,0.0108,0.0121,0.0098,0.9634
166,5.533,stop,0.9624,0.0042,0.0108,0.0132,0.0094,0.9624
168,5.6,stop,0.9613,0.0044,0.0109,0.0149,0.0085,0.9613
170,5.667,stop,0.9608,0.0044,0.0108,0.0158,0.0081,0.9608
172,5.733,stop,0.9611,0.0042,0.0108,0.0159,0.0080,0.9611
174,5.8,stop,0.9607,0.0043,0.0107,0.0164,0.0079,0.9607
176,5.867,stop,0.9608,0.0043,0.0107,0.0165,0.0078,0.9608
178,5.933,stop,0.9611,0.0041,0.0105,0.0164,0.0078,0.9611
180,6.0,stop,0.9617,0.0039,0.0103,0.0161,0.0079,0.9617
182,6.067,stop,0.9631,0.0036,0.0101,0.0152,0.0080,0.9631
184,6.133,stop,0.9634,0.0035,0.0100,0.0151,0.0080,0.9634
186,6.2,stop,0.9637,0.0036,0.0100,0.0149,0.0079,0.9637
188,6.267,stop,0.9637,0.0037,0.0099,0.0148,0.0079,0.9637
190,6.333,stop,0.9641,0.0038,0.0098,0.0145,0.0077,0.9641
192,6.4,stop,0.9641,0.0040,0.0096,0.0147,0.0077,0.9641
194,6.467,stop,0.9643,0.0043,0.0095,0.0146,0.0073,0.9643
196,6.533,stop,0.9645,0.0044,0.0093,0.0146,0.0073,0.9645
198,6.6,stop,0.9647,0.0046,0.0091,0.0146,0.0070,0.9647
200,6.667,stop,0.9640,0.0051,0.0090,0.0148,0.0070,0.9640
202,6.733,stop,0.9633,0.0057,0.0091,0.0149,0.0071,0.9633
204,6.8,stop,0.9638,0.0058,0.0091,0.0141,0.0072,0.9638
206,6.867,stop,0.9638,0.0058,0.0093,0.0134,0.0078,0.9638
208,6.933,stop,0.9649,0.0056,0.0095,0.0120,0.0080,0.9649
210,7.0,stop,0.9656,0.0055,0.0097,0.0109,0.0083,0.9656
212,7.067,stop,0.9670,0.0050,0.0097,0.0096,0.0088,0.9670
214,7.133,stop,0.9695,0.0042,0.0095,0.0078,0.0091,0.9695
216,7.2,stop,0.9697,0.0040,0.0095,0.0074,0.0095,0.9697
218,7.267,stop,0.9691,0.0041,0.0095,0.0073,0.0101,0.9691
220,7.333,stop,0.9698,0.0040,0.0095,0.0068,0.0098,0.9698
222,7.4,stop,0.9704,0.0038,0.0094,0.0063,0.0100,0.9704
224,7.467,stop,0.9713,0.0036,0.0094,0.0058,0.0099,0.9713
226,7.533,stop,0.9709,0.0038,0.0097,0.0058,0.0098,0.9709
228,7.6,stop,0.9708,0.0038,0.0099,0.0057,0.0098,0.9708
230,7.667,stop,0.9715,0.0037,0.0100,0.0053,0.0096,0.9715
232,7.733,stop,0.9710,0.0037,0.0100,0.0054,0.0100,0.9710
234,7.8,stop,0.9662,0.0039,0.0106,0.0060,0.0132,0.9662
236,7.867,stop,0.9571,0.0044,0.0117,0.0066,0.0202,0.9571
238,7.933,stop,0.9391,0.0050,0.0132,0.0072,0.0355,0.9391
240,8.0,stop,0.9179,0.0059,0.0147,0.0072,0.0543,0.9179
242,8.067,stop,0.8984,0.0071,0.0162,0.0070,0.0712,0.8984
244,8.133,stop,0.8714,0.0101,0.0184,0.0073,0.0928,0.8714
246,8.2,stop,0.8275,0.0173,0.0210,0.0085,0.1257,0.8275
248,8.267,stop,0.8254,0.0253,0.0225,0.0084,0.1185,0.8254
250,8.333,stop,0.8590,0.0461,0.0234,0.0086,0.0629,0.8590
252,8.4,stop,0.8609,0.0645,0.0228,0.0089,0.0430,0.8609
254,8.467,stop,0.8408,0.0937,0.0226,0.0094,0.0334,0.8408
256,8.533,stop,0.8526,0.0838,0.0213,0.0096,0.0327,0.8526
258,8.6,stop,0.8813,0.0604,0.0194,0.0089,0.0300,0.8813
260,8.667,stop,0.8923,0.0419,0.0186,0.0093,0.0379,0.8923
262,8.733,stop,0.8952,0.0295,0.0173,0.0093,0.0486,0.8952
264,8.8,stop,0.8976,0.0168,0.0159,0.0075,0.0622,0.8976
266,8.867,stop,0.8866,0.0147,0.0162,0.0070,0.0755,0.8866
268,8.933,stop,0.8876,0.0140,0.0163,0.0063,0.0759,0.8876
270,9.0,stop,0.8820,0.0147,0.0172,0.0060,0.0801,0.8820
272,9.067,stop,0.8826,0.0147,0.0179,0.0055,0.0794,0.8826
274,9.133,stop,0.9197,0.0147,0.0172,0.0043,0.0441,0.9197
276,9.2,stop,0.9211,0.0148,0.0177,0.0039,0.0425,0.9211
278,9.267,stop,0.9270,0.0169,0.0178,0.0040,0.0342,0.9270
280,9.333,stop,0.9308,0.0151,0.0175,0.0034,0.0332,0.9308
282,9.4,stop,0.9288,0.0160,0.0177,0.0035,0.0340,0.9288
284,9.467,stop,0.9198,0.0172,0.0186,0.0038,0.0406,0.9198
286,9.533,stop,0.8958,0.0189,0.0201,0.0044,0.0608,0.8958
288,9.6,stop,0.8703,0.0227,0.0227,0.0047,0.0795,0.8703
290,9.667,stop,0.8326,0.0269,0.0259,0.0051,0.1096,0.8326
292,9.733,stop,0.7987,0.0324,0.0290,0.0054,0.1345,0.7987
294,9.8,stop,0.7389,0.0446,0.0328,0.0060,0.1777,0.7389
296,9.867,stop,0.6826,0.0644,0.0362,0.0071,0.2098,0.6826
298,9.933,stop,0.6847,0.0829,0.0403,0.0082,0.1838,0.6847
300,10.0,stop,0.7239,0.0936,0.0438,0.0083,0.1304,0.7239
302,10.067,stop,0.7075,0.1197,0.0456,0.0099,0.1174,0.7075
304,10.133,stop,0.6602,0.1898,0.0476,0.0114,0.0910,0.6602
306,10.2,stop,0.5651,0.3063,0.0460,0.0128,0.0698,0.5651
308,10.267,stop,0.5986,0.2777,0.0437,0.0141,0.0659,0.5986
310,10.333,stop,0.6130,0.2662,0.0422,0.0144,0.0641,0.6130
312,10.4,stop,0.6858,0.1784,0.0420,0.0138,0.0799,0.6858
314,10.467,stop,0.6759,0.1722,0.0436,0.0156,0.0927,0.6759
316,10.533,stop,0.6511,0.1548,0.0442,0.0170,0.1329,0.6511
318,10.6,stop,0.6693,0.1016,0.0411,0.0152,0.1729,0.6693
320,10.667,stop,0.6566,0.0991,0.0407,0.0142,0.1895,0.6566
322,10.733,stop,0.6262,0.1216,0.0409,0.0149,0.1965,0.6262
324,10.8,shake,0.9324,0.0043,0.0015,0.0042,0.9324,0.0575
326,10.867,stop,0.6124,0.1298,0.0315,0.0174,0.2090,0.6124
328,10.933,stop,0.6765,0.0830,0.0304,0.0130,0.1972,0.6765
330,11.0,stop,0.7385,0.0761,0.0297,0.0115,0.1443,0.7385
332,11.067,stop,0.7415,0.0962,0.0306,0.0127,0.1190,0.7415
334,11.133,stop,0.7433,0.1060,0.0303,0.0128,0.1076,0.7433
336,11.2,stop,0.7244,0.1477,0.0312,0.0128,0.0840,0.7244
338,11.267,stop,0.7266,0.1672,0.0316,0.0115,0.0630,0.7266
340,11.333,stop,0.7192,0.1809,0.0307,0.0117,0.0575,0.7192
342,11.4,stop,0.7109,0.2059,0.0286,0.0110,0.0436,0.7109
344,11.467,stop,0.7937,0.1151,0.0286,0.0098,0.0528,0.7937
346,11.533,stop,0.8293,0.0752,0.0277,0.0087,0.0592,0.8293
348,11.6,stop,0.8455,0.0513,0.0269,0.0077,0.0687,0.8455
350,11.667,stop,0.8544,0.0363,0.0260,0.0063,0.0770,0.8544
352,11.733,stop,0.8527,0.0372,0.0264,0.0065,0.0772,0.8527
354,11.8,stop,0.8480,0.0373,0.0275,0.0068,0.0804,0.8480
356,11.867,stop,0.8411,0.0409,0.0290,0.0070,0.0819,0.8411
358,11.933,stop,0.8384,0.0430,0.0299,0.0072,0.0815,0.8384
360,12.0,stop,0.8317,0.0416,0.0299,0.0071,0.0897,0.8317
362,12.067,stop,0.8284,0.0401,0.0300,0.0068,0.0948,0.8284
364,12.133,stop,0.8252,0.0409,0.0307,0.0067,0.0964,0.8252
366,12.2,stop,0.8237,0.0369,0.0306,0.0064,0.1024,0.8237
368,12.267,stop,0.8314,0.0341,0.0309,0.0059,0.0977,0.8314
370,12.333,stop,0.8305,0.0328,0.0303,0.0060,0.1004,0.8305
372,12.4,stop,0.8288,0.0320,0.0303,0.0062,0.1026,0.8288
374,12.467,stop,0.8341,0.0324,0.0308,0.0067,0.0960,0.8341
376,12.533,stop,0.8322,0.0351,0.0321,0.0073,0.0933,0.8322
378,12.6,stop,0.8362,0.0375,0.0331,0.0078,0.0855,0.8362
380,12.667,stop,0.8331,0.0416,0.0341,0.0083,0.0828,0.8331
382,12.733,stop,0.8301,0.0488,0.0348,0.0089,0.0774,0.8301
384,12.8,shake,0.7508,0.0061,0.0046,0.0069,0.7508,0.2317
386,12.867,shake,0.7512,0.0071,0.0047,0.0074,0.7512,0.2297
388,12.933,shake,0.7607,0.0072,0.0046,0.0074,0.7607,0.2201
390,13.0,shake,0.7524,0.0074,0.0048,0.0074,0.7524,0.2281
392,13.067,shake,0.7523,0.0075,0.0048,0.0073,0.7523,0.2280
394,13.133,shake,0.7342,0.0078,0.0051,0.0073,0.7342,0.2456
396,13.2,shake,0.7111,0.0097,0.0056,0.0082,0.7111,0.2654
16,0.533,stop,0.8620,0.0050,0.1138,0.0145,0.0048,0.8620
18,0.6,stop,0.8629,0.0050,0.1128,0.0146,0.0047,0.8629
20,0.667,stop,0.8592,0.0054,0.1162,0.0148,0.0046,0.8592
22,0.733,stop,0.8549,0.0056,0.1199,0.0150,0.0045,0.8549
24,0.8,stop,0.8547,0.0054,0.1205,0.0148,0.0046,0.8547
26,0.867,stop,0.8535,0.0053,0.1216,0.0148,0.0047,0.8535
28,0.933,stop,0.8540,0.0051,0.1221,0.0142,0.0046,0.8540
30,1.0,stop,0.8561,0.0048,0.1193,0.0148,0.0050,0.8561
32,1.067,stop,0.8602,0.0048,0.1148,0.0151,0.0052,0.8602
34,1.133,stop,0.8658,0.0047,0.1083,0.0159,0.0053,0.8658
36,1.2,stop,0.8652,0.0050,0.1082,0.0164,0.0053,0.8652
38,1.267,stop,0.8631,0.0054,0.1091,0.0172,0.0052,0.8631
40,1.333,stop,0.8590,0.0057,0.1127,0.0175,0.0051,0.8590
42,1.4,stop,0.8576,0.0058,0.1141,0.0175,0.0050,0.8576
44,1.467,stop,0.8558,0.0058,0.1166,0.0170,0.0048,0.8558
46,1.533,stop,0.8563,0.0056,0.1178,0.0161,0.0042,0.8563
48,1.6,stop,0.8615,0.0048,0.1149,0.0145,0.0043,0.8615
50,1.667,stop,0.8617,0.0048,0.1149,0.0143,0.0043,0.8617
52,1.733,stop,0.8634,0.0047,0.1130,0.0144,0.0044,0.8634
54,1.8,stop,0.8645,0.0046,0.1121,0.0145,0.0044,0.8645
56,1.867,stop,0.8610,0.0047,0.1134,0.0157,0.0052,0.8610
58,1.933,stop,0.8607,0.0050,0.1118,0.0168,0.0056,0.8607
60,2.0,stop,0.8626,0.0053,0.1066,0.0191,0.0064,0.8626
62,2.067,stop,0.8697,0.0053,0.0972,0.0210,0.0068,0.8697
64,2.133,stop,0.8758,0.0056,0.0878,0.0238,0.0070,0.8758
66,2.2,stop,0.8809,0.0059,0.0797,0.0265,0.0070,0.8809
68,2.267,stop,0.8860,0.0062,0.0698,0.0308,0.0072,0.8860
70,2.333,stop,0.8981,0.0055,0.0596,0.0309,0.0059,0.8981
72,2.4,stop,0.9016,0.0056,0.0557,0.0316,0.0056,0.9016
74,2.467,stop,0.9044,0.0057,0.0536,0.0311,0.0052,0.9044
76,2.533,stop,0.9038,0.0061,0.0536,0.0313,0.0052,0.9038
78,2.6,stop,0.9039,0.0064,0.0544,0.0302,0.0052,0.9039
80,2.667,stop,0.9025,0.0064,0.0561,0.0294,0.0054,0.9025
82,2.733,stop,0.9010,0.0070,0.0582,0.0284,0.0055,0.9010
84,2.8,stop,0.9000,0.0072,0.0602,0.0271,0.0055,0.9000
86,2.867,stop,0.8980,0.0072,0.0630,0.0261,0.0057,0.8980
88,2.933,stop,0.8981,0.0068,0.0636,0.0255,0.0059,0.8981
90,3.0,stop,0.8971,0.0069,0.0642,0.0256,0.0062,0.8971
92,3.067,stop,0.8960,0.0070,0.0651,0.0255,0.0063,0.8960
94,3.133,stop,0.8947,0.0070,0.0669,0.0251,0.0063,0.8947
96,3.2,stop,0.8966,0.0064,0.0663,0.0243,0.0065,0.8966
98,3.267,stop,0.8991,0.0061,0.0643,0.0240,0.0065,0.8991
100,3.333,stop,0.8997,0.0060,0.0640,0.0239,0.0065,0.8997
102,3.4,stop,0.8998,0.0059,0.0639,0.0241,0.0063,0.8998
104,3.467,stop,0.8999,0.0055,0.0635,0.0247,0.0063,0.8999
106,3.533,stop,0.9014,0.0052,0.0617,0.0253,0.0064,0.9014
108,3.6,stop,0.9000,0.0050,0.0593,0.0287,0.0070,0.9000
110,3.667,stop,0.8976,0.0050,0.0584,0.0317,0.0074,0.8976
112,3.733,stop,0.8957,0.0049,0.0573,0.0346,0.0075,0.8957
114,3.8,stop,0.8851,0.0055,0.0580,0.0429,0.0085,0.8851
116,3.867,stop,0.8765,0.0058,0.0607,0.0474,0.0096,0.8765
118,3.933,stop,0.8740,0.0060,0.0646,0.0462,0.0092,0.8740
120,4.0,stop,0.8703,0.0063,0.0738,0.0408,0.0087,0.8703
122,4.067,stop,0.8670,0.0064,0.0854,0.0337,0.0075,0.8670
124,4.133,stop,0.8640,0.0062,0.0961,0.0274,0.0063,0.8640
126,4.2,stop,0.8563,0.0058,0.1100,0.0219,0.0059,0.8563
128,4.267,stop,0.8494,0.0051,0.1230,0.0168,0.0056,0.8494
130,4.333,stop,0.8456,0.0048,0.1318,0.0136,0.0043,0.8456
132,4.4,stop,0.8508,0.0045,0.1265,0.0137,0.0045,0.8508
134,4.467,stop,0.8576,0.0044,0.1180,0.0150,0.0050,0.8576
136,4.533,stop,0.8655,0.0044,0.1087,0.0160,0.0053,0.8655
138,4.6,stop,0.8740,0.0044,0.0986,0.0174,0.0056,0.8740
140,4.667,stop,0.8821,0.0045,0.0878,0.0195,0.0060,0.8821
142,4.733,stop,0.8886,0.0047,0.0780,0.0223,0.0065,0.8886
144,4.8,stop,0.8941,0.0047,0.0686,0.0258,0.0069,0.8941
146,4.867,stop,0.8978,0.0047,0.0608,0.0296,0.0070,0.8978
148,4.933,stop,0.9028,0.0044,0.0530,0.0332,0.0066,0.9028
150,5.0,stop,0.9030,0.0041,0.0492,0.0369,0.0067,0.9030
152,5.067,stop,0.9029,0.0041,0.0467,0.0398,0.0065,0.9029
154,5.133,stop,0.9027,0.0041,0.0452,0.0417,0.0063,0.9027
156,5.2,stop,0.9029,0.0042,0.0462,0.0408,0.0059,0.9029
158,5.267,stop,0.9040,0.0043,0.0470,0.0393,0.0053,0.9040
160,5.333,stop,0.9059,0.0040,0.0478,0.0368,0.0055,0.9059
162,5.4,stop,0.9078,0.0039,0.0490,0.0339,0.0053,0.9078
164,5.467,stop,0.9092,0.0039,0.0510,0.0311,0.0049,0.9092
166,5.533,stop,0.9084,0.0039,0.0509,0.0318,0.0049,0.9084
168,5.6,stop,0.9078,0.0040,0.0509,0.0324,0.0050,0.9078
170,5.667,stop,0.9063,0.0041,0.0510,0.0337,0.0049,0.9063
172,5.733,stop,0.9048,0.0043,0.0515,0.0347,0.0048,0.9048
174,5.8,stop,0.9020,0.0043,0.0511,0.0374,0.0052,0.9020
176,5.867,stop,0.9014,0.0042,0.0525,0.0367,0.0052,0.9014
178,5.933,stop,0.9016,0.0040,0.0527,0.0362,0.0054,0.9016
180,6.0,stop,0.9021,0.0040,0.0531,0.0353,0.0055,0.9021
182,6.067,stop,0.9017,0.0040,0.0528,0.0360,0.0054,0.9017
184,6.133,stop,0.9020,0.0041,0.0541,0.0346,0.0053,0.9020
186,6.2,stop,0.9013,0.0042,0.0533,0.0360,0.0053,0.9013
188,6.267,stop,0.9024,0.0042,0.0540,0.0344,0.0050,0.9024
190,6.333,stop,0.9063,0.0038,0.0550,0.0302,0.0047,0.9063
192,6.4,stop,0.9039,0.0039,0.0542,0.0329,0.0052,0.9039
194,6.467,stop,0.9030,0.0038,0.0530,0.0349,0.0053,0.9030
196,6.533,stop,0.9024,0.0038,0.0531,0.0353,0.0054,0.9024
198,6.6,stop,0.9022,0.0039,0.0522,0.0362,0.0055,0.9022
200,6.667,stop,0.9027,0.0039,0.0519,0.0361,0.0055,0.9027
202,6.733,stop,0.9013,0.0040,0.0515,0.0377,0.0055,0.9013
204,6.8,stop,0.9016,0.0042,0.0512,0.0378,0.0052,0.9016
206,6.867,stop,0.9028,0.0045,0.0520,0.0362,0.0046,0.9028
208,6.933,stop,0.9072,0.0041,0.0522,0.0319,0.0046,0.9072
210,7.0,stop,0.9062,0.0043,0.0537,0.0311,0.0047,0.9062
212,7.067,stop,0.9055,0.0043,0.0543,0.0311,0.0047,0.9055
214,7.133,stop,0.9047,0.0044,0.0545,0.0315,0.0048,0.9047
216,7.2,stop,0.9046,0.0044,0.0550,0.0313,0.0047,0.9046
218,7.267,stop,0.9049,0.0042,0.0552,0.0308,0.0049,0.9049
220,7.333,stop,0.9053,0.0040,0.0548,0.0309,0.0051,0.9053
222,7.4,stop,0.9067,0.0038,0.0536,0.0307,0.0052,0.9067
224,7.467,stop,0.9075,0.0037,0.0518,0.0317,0.0053,0.9075
226,7.533,stop,0.9072,0.0035,0.0507,0.0329,0.0056,0.9072
228,7.6,stop,0.9056,0.0035,0.0498,0.0352,0.0060,0.9056
230,7.667,stop,0.9055,0.0036,0.0494,0.0356,0.0059,0.9055
232,7.733,stop,0.9039,0.0039,0.0494,0.0372,0.0057,0.9039
234,7.8,stop,0.9031,0.0041,0.0514,0.0360,0.0055,0.9031
236,7.867,stop,0.8998,0.0045,0.0539,0.0365,0.0053,0.8998
238,7.933,stop,0.8954,0.0053,0.0570,0.0373,0.0051,0.8954
240,8.0,stop,0.8924,0.0063,0.0613,0.0355,0.0045,0.8924
242,8.067,stop,0.8892,0.0068,0.0676,0.0322,0.0042,0.8892
244,8.133,stop,0.8845,0.0075,0.0735,0.0305,0.0040,0.8845
246,8.2,stop,0.8802,0.0079,0.0791,0.0289,0.0039,0.8802
16,0.533,stop,0.8235,0.0043,0.1444,0.0223,0.0055,0.8235
18,0.6,stop,0.8236,0.0044,0.1439,0.0227,0.0054,0.8236
20,0.667,stop,0.8255,0.0044,0.1412,0.0235,0.0055,0.8255
22,0.733,stop,0.8271,0.0044,0.1387,0.0243,0.0056,0.8271
24,0.8,stop,0.8285,0.0044,0.1366,0.0249,0.0056,0.8285
26,0.867,stop,0.8305,0.0044,0.1331,0.0263,0.0057,0.8305
28,0.933,stop,0.8326,0.0043,0.1297,0.0275,0.0059,0.8326
30,1.0,stop,0.8337,0.0043,0.1275,0.0285,0.0060,0.8337
32,1.067,stop,0.8352,0.0042,0.1257,0.0289,0.0059,0.8352
34,1.133,stop,0.8346,0.0043,0.1262,0.0290,0.0059,0.8346
36,1.2,stop,0.8330,0.0044,0.1271,0.0296,0.0059,0.8330
38,1.267,stop,0.8304,0.0046,0.1299,0.0292,0.0059,0.8304
40,1.333,stop,0.8272,0.0047,0.1345,0.0279,0.0058,0.8272
42,1.4,stop,0.8243,0.0048,0.1381,0.0272,0.0057,0.8243
44,1.467,stop,0.8217,0.0049,0.1415,0.0263,0.0056,0.8217
46,1.533,stop,0.8189,0.0049,0.1445,0.0261,0.0056,0.8189
48,1.6,stop,0.8193,0.0047,0.1454,0.0251,0.0056,0.8193
16,0.533,stop,0.9267,0.0050,0.0542,0.0096,0.0045,0.9267
18,0.6,stop,0.9274,0.0050,0.0534,0.0097,0.0045,0.9274
20,0.667,stop,0.9276,0.0050,0.0532,0.0097,0.0045,0.9276
22,0.733,stop,0.9274,0.0048,0.0541,0.0093,0.0045,0.9274
24,0.8,stop,0.9269,0.0047,0.0550,0.0089,0.0045,0.9269
26,0.867,stop,0.9263,0.0045,0.0559,0.0087,0.0046,0.9263
28,0.933,stop,0.9251,0.0044,0.0577,0.0082,0.0047,0.9251
30,1.0,stop,0.9233,0.0042,0.0602,0.0075,0.0047,0.9233
32,1.067,stop,0.9212,0.0043,0.0625,0.0074,0.0047,0.9212
34,1.133,stop,0.9199,0.0043,0.0636,0.0075,0.0047,0.9199
36,1.2,stop,0.9191,0.0044,0.0643,0.0075,0.0046,0.9191
38,1.267,stop,0.9186,0.0044,0.0649,0.0075,0.0046,0.9186
40,1.333,stop,0.9180,0.0045,0.0655,0.0076,0.0045,0.9180
42,1.4,stop,0.9182,0.0044,0.0655,0.0075,0.0044,0.9182
44,1.467,stop,0.9183,0.0044,0.0654,0.0075,0.0044,0.9183
46,1.533,stop,0.9179,0.0044,0.0657,0.0076,0.0044,0.9179
48,1.6,stop,0.9168,0.0045,0.0667,0.0076,0.0044,0.9168
50,1.667,stop,0.9151,0.0047,0.0683,0.0076,0.0043,0.9151
52,1.733,stop,0.9137,0.0049,0.0695,0.0076,0.0043,0.9137
54,1.8,stop,0.9153,0.0048,0.0678,0.0076,0.0046,0.9153
16,0.533,stop,0.7447,0.0052,0.2084,0.0373,0.0044,0.7447
18,0.6,stop,0.7439,0.0052,0.2095,0.0371,0.0044,0.7439
20,0.667,stop,0.7436,0.0052,0.2092,0.0376,0.0044,0.7436
22,0.733,stop,0.7401,0.0053,0.2135,0.0370,0.0042,0.7401
24,0.8,stop,0.7366,0.0053,0.2174,0.0367,0.0041,0.7366
26,0.867,stop,0.7324,0.0054,0.2214,0.0368,0.0041,0.7324
28,0.933,stop,0.7282,0.0055,0.2253,0.0370,0.0040,0.7282
30,1.0,stop,0.7264,0.0055,0.2269,0.0372,0.0040,0.7264
32,1.067,stop,0.7265,0.0055,0.2265,0.0374,0.0040,0.7265
34,1.133,stop,0.7277,0.0055,0.2248,0.0380,0.0041,0.7277
36,1.2,stop,0.7348,0.0054,0.2169,0.0387,0.0042,0.7348
38,1.267,stop,0.7398,0.0053,0.2117,0.0389,0.0042,0.7398
40,1.333,stop,0.7439,0.0053,0.2069,0.0396,0.0043,0.7439
42,1.4,stop,0.7474,0.0053,0.2025,0.0404,0.0044,0.7474
44,1.467,stop,0.7480,0.0053,0.2018,0.0405,0.0045,0.7480
46,1.533,stop,0.7485,0.0053,0.2009,0.0408,0.0045,0.7485
48,1.6,stop,0.7478,0.0053,0.2018,0.0407,0.0045,0.7478
50,1.667,stop,0.7443,0.0052,0.2056,0.0405,0.0044,0.7443
52,1.733,stop,0.7437,0.0052,0.2058,0.0409,0.0044,0.7437
54,1.8,stop,0.7414,0.0053,0.2079,0.0411,0.0044,0.7414
56,1.867,stop,0.7399,0.0053,0.2092,0.0412,0.0043,0.7399
58,1.933,stop,0.7382,0.0054,0.2108,0.0413,0.0043,0.7382
60,2.0,stop,0.7364,0.0053,0.2133,0.0408,0.0042,0.7364
62,2.067,stop,0.7366,0.0052,0.2130,0.0409,0.0043,0.7366
64,2.133,stop,0.7384,0.0052,0.2110,0.0411,0.0043,0.7384
66,2.2,stop,0.7406,0.0051,0.2090,0.0408,0.0044,0.7406
68,2.267,stop,0.7439,0.0051,0.2057,0.0408,0.0045,0.7439
70,2.333,stop,0.7462,0.0051,0.2034,0.0408,0.0045,0.7462
72,2.4,stop,0.7473,0.0051,0.2026,0.0405,0.0045,0.7473
74,2.467,stop,0.7495,0.0051,0.2005,0.0404,0.0045,0.7495
76,2.533,stop,0.7491,0.0052,0.2012,0.0401,0.0045,0.7491
78,2.6,stop,0.7484,0.0052,0.2021,0.0398,0.0044,0.7484
80,2.667,stop,0.7485,0.0053,0.2022,0.0396,0.0044,0.7485
82,2.733,stop,0.7483,0.0053,0.2027,0.0394,0.0043,0.7483
84,2.8,stop,0.7484,0.0053,0.2034,0.0386,0.0043,0.7484
86,2.867,stop,0.7489,0.0053,0.2032,0.0384,0.0042,0.7489
88,2.933,stop,0.7493,0.0053,0.2030,0.0381,0.0042,0.7493
90,3.0,stop,0.7486,0.0053,0.2041,0.0378,0.0042,0.7486
92,3.067,stop,0.7465,0.0053,0.2069,0.0371,0.0042,0.7465
94,3.133,stop,0.7436,0.0052,0.2102,0.0368,0.0042,0.7436
96,3.2,stop,0.7409,0.0052,0.2131,0.0366,0.0042,0.7409
98,3.267,stop,0.7392,0.0052,0.2147,0.0367,0.0042,0.7392
100,3.333,stop,0.7359,0.0052,0.2180,0.0368,0.0042,0.7359
102,3.4,stop,0.7351,0.0051,0.2187,0.0369,0.0042,0.7351
104,3.467,stop,0.7338,0.0052,0.2199,0.0370,0.0042,0.7338
106,3.533,stop,0.7353,0.0052,0.2177,0.0376,0.0042,0.7353
108,3.6,stop,0.7350,0.0052,0.2179,0.0377,0.0042,0.7350
110,3.667,stop,0.7343,0.0052,0.2183,0.0379,0.0042,0.7343
112,3.733,stop,0.7341,0.0052,0.2183,0.0381,0.0042,0.7341
114,3.8,stop,0.7352,0.0052,0.2172,0.0382,0.0042,0.7352
116,3.867,stop,0.7358,0.0052,0.2162,0.0386,0.0043,0.7358
118,3.933,stop,0.7380,0.0052,0.2136,0.0389,0.0043,0.7380
120,4.0,stop,0.7409,0.0053,0.2100,0.0396,0.0043,0.7409
122,4.067,stop,0.7424,0.0052,0.2087,0.0394,0.0043,0.7424
124,4.133,stop,0.7436,0.0053,0.2072,0.0396,0.0043,0.7436
126,4.2,stop,0.7443,0.0053,0.2067,0.0394,0.0043,0.7443
128,4.267,stop,0.7448,0.0053,0.2068,0.0389,0.0043,0.7448
130,4.333,stop,0.7447,0.0053,0.2067,0.0390,0.0043,0.7447
132,4.4,stop,0.7443,0.0054,0.2075,0.0386,0.0042,0.7443
134,4.467,stop,0.7428,0.0055,0.2087,0.0387,0.0043,0.7428
136,4.533,stop,0.7409,0.0053,0.2115,0.0381,0.0042,0.7409
138,4.6,stop,0.7383,0.0053,0.2145,0.0378,0.0041,0.7383
140,4.667,stop,0.7380,0.0052,0.2148,0.0378,0.0041,0.7380
142,4.733,stop,0.7383,0.0052,0.2142,0.0380,0.0042,0.7383
144,4.8,stop,0.7389,0.0051,0.2139,0.0379,0.0043,0.7389
146,4.867,stop,0.7408,0.0051,0.2116,0.0381,0.0043,0.7408
148,4.933,stop,0.7424,0.0052,0.2096,0.0384,0.0043,0.7424
150,5.0,stop,0.7423,0.0053,0.2098,0.0384,0.0042,0.7423
152,5.067,stop,0.7444,0.0053,0.2079,0.0382,0.0042,0.7444
154,5.133,stop,0.7447,0.0053,0.2077,0.0380,0.0042,0.7447
156,5.2,stop,0.7452,0.0053,0.2076,0.0376,0.0042,0.7452
158,5.267,stop,0.7454,0.0053,0.2077,0.0374,0.0042,0.7454
160,5.333,stop,0.7466,0.0052,0.2068,0.0372,0.0042,0.7466
162,5.4,stop,0.7478,0.0051,0.2062,0.0367,0.0042,0.7478
164,5.467,stop,0.7524,0.0051,0.2011,0.0371,0.0043,0.7524
166,5.533,stop,0.7549,0.0051,0.1979,0.0378,0.0043,0.7549
168,5.6,stop,0.7557,0.0052,0.1968,0.0381,0.0043,0.7557
170,5.667,stop,0.7568,0.0052,0.1956,0.0382,0.0043,0.7568
172,5.733,stop,0.7571,0.0052,0.1954,0.0380,0.0042,0.7571
174,5.8,stop,0.7548,0.0053,0.1980,0.0378,0.0042,0.7548
176,5.867,stop,0.7535,0.0053,0.1995,0.0376,0.0041,0.7535
178,5.933,stop,0.7522,0.0053,0.2007,0.0377,0.0041,0.7522
180,6.0,stop,0.7510,0.0053,0.2019,0.0378,0.0041,0.7510
182,6.067,stop,0.7499,0.0053,0.2028,0.0379,0.0041,0.7499
184,6.133,stop,0.7505,0.0052,0.2015,0.0385,0.0043,0.7505
186,6.2,stop,0.7524,0.0052,0.1991,0.0390,0.0043,0.7524
188,6.267,stop,0.7540,0.0052,0.1972,0.0392,0.0043,0.7540
190,6.333,stop,0.7557,0.0052,0.1950,0.0397,0.0043,0.7557
192,6.4,stop,0.7578,0.0052,0.1926,0.0400,0.0044,0.7578
194,6.467,stop,0.7595,0.0053,0.1906,0.0401,0.0045,0.7595
196,6.533,stop,0.7599,0.0052,0.1909,0.0395,0.0044,0.7599
198,6.6,stop,0.7590,0.0052,0.1924,0.0391,0.0043,0.7590
200,6.667,stop,0.7580,0.0052,0.1937,0.0388,0.0043,0.7580
202,6.733,stop,0.7554,0.0053,0.1964,0.0386,0.0043,0.7554
204,6.8,stop,0.7524,0.0053,0.1995,0.0385,0.0043,0.7524
206,6.867,stop,0.7498,0.0052,0.2029,0.0378,0.0042,0.7498
208,6.933,stop,0.7496,0.0052,0.2032,0.0378,0.0042,0.7496
210,7.0,stop,0.7481,0.0052,0.2051,0.0375,0.0042,0.7481
212,7.067,stop,0.7488,0.0052,0.2039,0.0379,0.0042,0.7488
214,7.133,stop,0.7483,0.0052,0.2043,0.0379,0.0042,0.7483
216,7.2,stop,0.7485,0.0053,0.2038,0.0382,0.0042,0.7485
218,7.267,stop,0.7477,0.0053,0.2042,0.0386,0.0042,0.7477
220,7.333,stop,0.7465,0.0053,0.2055,0.0384,0.0042,0.7465
222,7.4,stop,0.7480,0.0052,0.2040,0.0385,0.0042,0.7480
224,7.467,stop,0.7491,0.0053,0.2030,0.0384,0.0042,0.7491
226,7.533,stop,0.7515,0.0052,0.2002,0.0388,0.0043,0.7515
228,7.6,stop,0.7522,0.0052,0.1996,0.0387,0.0044,0.7522
230,7.667,stop,0.7527,0.0051,0.1994,0.0384,0.0043,0.7527
232,7.733,stop,0.7538,0.0051,0.1979,0.0388,0.0044,0.7538
234,7.8,stop,0.7514,0.0051,0.2008,0.0383,0.0043,0.7514
236,7.867,stop,0.7505,0.0052,0.2015,0.0386,0.0043,0.7505
238,7.933,stop,0.7482,0.0052,0.2037,0.0387,0.0042,0.7482
240,8.0,stop,0.7466,0.0053,0.2051,0.0388,0.0042,0.7466
242,8.067,stop,0.7449,0.0053,0.2071,0.0385,0.0042,0.7449
244,8.133,stop,0.7455,0.0052,0.2061,0.0390,0.0042,0.7455
246,8.2,stop,0.7465,0.0052,0.2049,0.0391,0.0042,0.7465
248,8.267,stop,0.7462,0.0052,0.2056,0.0388,0.0042,0.7462
250,8.333,stop,0.7484,0.0051,0.2029,0.0393,0.0043,0.7484
252,8.4,stop,0.7497,0.0052,0.2012,0.0396,0.0043,0.7497
254,8.467,stop,0.7500,0.0052,0.2002,0.0402,0.0044,0.7500
256,8.533,stop,0.7507,0.0051,0.2001,0.0398,0.0043,0.7507
258,8.6,stop,0.7505,0.0051,0.2004,0.0397,0.0043,0.7505
260,8.667,stop,0.7515,0.0052,0.1991,0.0399,0.0043,0.7515
262,8.733,stop,0.7533,0.0053,0.1968,0.0403,0.0043,0.7533
264,8.8,stop,0.7548,0.0054,0.1951,0.0404,0.0043,0.7548
266,8.867,stop,0.7559,0.0054,0.1944,0.0401,0.0042,0.7559
268,8.933,stop,0.7564,0.0054,0.1940,0.0400,0.0042,0.7564
270,9.0,stop,0.7561,0.0055,0.1950,0.0393,0.0041,0.7561
272,9.067,stop,0.7564,0.0054,0.1953,0.0388,0.0041,0.7564
274,9.133,stop,0.7557,0.0054,0.1968,0.0381,0.0041,0.7557
276,9.2,stop,0.7553,0.0054,0.1971,0.0381,0.0042,0.7553
278,9.267,stop,0.7521,0.0053,0.2013,0.0371,0.0041,0.7521
280,9.333,stop,0.7514,0.0053,0.2021,0.0371,0.0042,0.7514
282,9.4,stop,0.7499,0.0053,0.2037,0.0368,0.0042,0.7499
284,9.467,stop,0.7489,0.0053,0.2050,0.0365,0.0042,0.7489
16,0.533,stop,0.9249,0.0089,0.0085,0.0064,0.0512,0.9249
18,0.6,stop,0.9264,0.0088,0.0083,0.0063,0.0502,0.9264
20,0.667,stop,0.9330,0.0088,0.0082,0.0057,0.0443,0.9330
22,0.733,stop,0.9377,0.0084,0.0078,0.0059,0.0403,0.9377
24,0.8,stop,0.9493,0.0074,0.0073,0.0049,0.0312,0.9493
26,0.867,stop,0.9493,0.0076,0.0074,0.0050,0.0306,0.9493
28,0.933,stop,0.9488,0.0083,0.0075,0.0053,0.0300,0.9488
30,1.0,stop,0.9481,0.0095,0.0078,0.0056,0.0291,0.9481
32,1.067,stop,0.9476,0.0101,0.0079,0.0058,0.0286,0.9476
34,1.133,stop,0.9477,0.0108,0.0080,0.0061,0.0274,0.9477
36,1.2,stop,0.9475,0.0112,0.0081,0.0061,0.0271,0.9475
38,1.267,stop,0.9473,0.0113,0.0082,0.0061,0.0272,0.9473
40,1.333,stop,0.9478,0.0113,0.0082,0.0061,0.0266,0.9478
42,1.4,stop,0.9481,0.0111,0.0082,0.0059,0.0268,0.9481
44,1.467,stop,0.9475,0.0117,0.0083,0.0060,0.0265,0.9475
46,1.533,stop,0.9464,0.0127,0.0084,0.0063,0.0262,0.9464
48,1.6,stop,0.9457,0.0126,0.0084,0.0064,0.0269,0.9457
50,1.667,stop,0.9453,0.0121,0.0083,0.0063,0.0280,0.9453
52,1.733,stop,0.9452,0.0117,0.0082,0.0062,0.0287,0.9452
54,1.8,stop,0.9448,0.0115,0.0081,0.0062,0.0294,0.9448
56,1.867,stop,0.9450,0.0112,0.0079,0.0060,0.0298,0.9450
58,1.933,stop,0.9447,0.0113,0.0079,0.0059,0.0304,0.9447
60,2.0,stop,0.9438,0.0116,0.0079,0.0057,0.0310,0.9438
62,2.067,stop,0.9429,0.0131,0.0081,0.0058,0.0301,0.9429
64,2.133,stop,0.9435,0.0137,0.0082,0.0058,0.0288,0.9435
66,2.2,stop,0.9439,0.0129,0.0081,0.0057,0.0294,0.9439
68,2.267,stop,0.9444,0.0131,0.0081,0.0058,0.0285,0.9444
70,2.333,stop,0.9450,0.0129,0.0081,0.0058,0.0282,0.9450
72,2.4,stop,0.9454,0.0129,0.0081,0.0058,0.0277,0.9454
74,2.467,stop,0.9459,0.0129,0.0081,0.0058,0.0273,0.9459
76,2.533,stop,0.9460,0.0125,0.0081,0.0058,0.0276,0.9460
78,2.6,stop,0.9464,0.0127,0.0081,0.0059,0.0269,0.9464
80,2.667,stop,0.9471,0.0122,0.0080,0.0058,0.0268,0.9471
82,2.733,stop,0.9477,0.0116,0.0079,0.0057,0.0270,0.9477
84,2.8,stop,0.9477,0.0111,0.0079,0.0056,0.0278,0.9477
86,2.867,stop,0.9474,0.0109,0.0079,0.0056,0.0282,0.9474
88,2.933,stop,0.9472,0.0112,0.0079,0.0056,0.0282,0.9472
90,3.0,stop,0.9454,0.0112,0.0080,0.0059,0.0296,0.9454
16,0.533,stop,0.9683,0.0021,0.0074,0.0130,0.0093,0.9683
18,0.6,stop,0.9695,0.0020,0.0072,0.0124,0.0089,0.9695
20,0.667,stop,0.9735,0.0018,0.0069,0.0097,0.0082,0.9735
22,0.733,stop,0.9763,0.0016,0.0064,0.0092,0.0065,0.9763
24,0.8,stop,0.9755,0.0016,0.0066,0.0092,0.0071,0.9755
26,0.867,stop,0.9746,0.0017,0.0069,0.0089,0.0079,0.9746
28,0.933,stop,0.9688,0.0021,0.0079,0.0099,0.0112,0.9688
30,1.0,stop,0.9581,0.0030,0.0098,0.0113,0.0177,0.9581
32,1.067,stop,0.9521,0.0036,0.0114,0.0108,0.0222,0.9521
34,1.133,stop,0.9481,0.0040,0.0127,0.0097,0.0256,0.9481
36,1.2,stop,0.9460,0.0044,0.0137,0.0089,0.0270,0.9460
38,1.267,stop,0.9481,0.0047,0.0146,0.0079,0.0247,0.9481
40,1.333,stop,0.9498,0.0050,0.0150,0.0075,0.0227,0.9498
42,1.4,stop,0.9604,0.0040,0.0139,0.0058,0.0159,0.9604
44,1.467,stop,0.9696,0.0032,0.0125,0.0045,0.0101,0.9696
46,1.533,stop,0.9706,0.0033,0.0121,0.0048,0.0091,0.9706
48,1.6,stop,0.9706,0.0036,0.0121,0.0052,0.0084,0.9706
50,1.667,stop,0.9699,0.0039,0.0123,0.0055,0.0084,0.9699
52,1.733,stop,0.9688,0.0043,0.0126,0.0059,0.0084,0.9688
54,1.8,stop,0.9686,0.0044,0.0128,0.0059,0.0084,0.9686
56,1.867,stop,0.9678,0.0047,0.0129,0.0065,0.0080,0.9678
58,1.933,stop,0.9657,0.0049,0.0133,0.0066,0.0095,0.9657
60,2.0,stop,0.9603,0.0049,0.0141,0.0070,0.0137,0.9603
62,2.067,stop,0.9578,0.0047,0.0144,0.0071,0.0159,0.9578
64,2.133,stop,0.9564,0.0046,0.0146,0.0073,0.0171,0.9564
66,2.2,stop,0.9561,0.0044,0.0147,0.0071,0.0176,0.9561
68,2.267,stop,0.9562,0.0045,0.0146,0.0073,0.0175,0.9562
70,2.333,stop,0.9550,0.0047,0.0147,0.0076,0.0179,0.9550
72,2.4,stop,0.9571,0.0048,0.0143,0.0079,0.0159,0.9571
74,2.467,stop,0.9674,0.0040,0.0129,0.0067,0.0090,0.9674
76,2.533,stop,0.9676,0.0039,0.0130,0.0066,0.0089,0.9676
78,2.6,stop,0.9680,0.0038,0.0130,0.0063,0.0089,0.9680
80,2.667,stop,0.9686,0.0037,0.0130,0.0060,0.0087,0.9686
82,2.733,stop,0.9689,0.0036,0.0128,0.0059,0.0088,0.9689
84,2.8,stop,0.9693,0.0034,0.0130,0.0055,0.0088,0.9693
86,2.867,stop,0.9692,0.0035,0.0130,0.0056,0.0086,0.9692
88,2.933,stop,0.9689,0.0037,0.0133,0.0056,0.0085,0.9689
90,3.0,stop,0.9686,0.0037,0.0134,0.0056,0.0086,0.9686
92,3.067,stop,0.9682,0.0037,0.0136,0.0054,0.0091,0.9682
94,3.133,stop,0.9681,0.0037,0.0135,0.0053,0.0094,0.9681
96,3.2,stop,0.9682,0.0036,0.0134,0.0050,0.0097,0.9682
98,3.267,stop,0.9693,0.0033,0.0131,0.0046,0.0096,0.9693
100,3.333,stop,0.9698,0.0032,0.0129,0.0044,0.0097,0.9698
102,3.4,stop,0.9704,0.0030,0.0125,0.0043,0.0098,0.9704
104,3.467,stop,0.9708,0.0030,0.0122,0.0045,0.0096,0.9708
106,3.533,stop,0.9716,0.0030,0.0117,0.0047,0.0091,0.9716
108,3.6,stop,0.9725,0.0029,0.0111,0.0048,0.0088,0.9725
110,3.667,stop,0.9738,0.0027,0.0105,0.0048,0.0082,0.9738
112,3.733,stop,0.9743,0.0026,0.0102,0.0048,0.0082,0.9743
114,3.8,stop,0.9753,0.0024,0.0097,0.0047,0.0078,0.9753
116,3.867,stop,0.9762,0.0022,0.0093,0.0046,0.0077,0.9762
118,3.933,stop,0.9764,0.0022,0.0091,0.0045,0.0077,0.9764
120,4.0,stop,0.9691,0.0032,0.0103,0.0067,0.0106,0.9691
122,4.067,stop,0.9633,0.0037,0.0112,0.0082,0.0135,0.9633
124,4.133,stop,0.9605,0.0040,0.0117,0.0087,0.0150,0.9605
126,4.2,stop,0.9598,0.0040,0.0118,0.0089,0.0156,0.9598
128,4.267,stop,0.9597,0.0039,0.0119,0.0089,0.0156,0.9597
130,4.333,stop,0.9603,0.0037,0.0117,0.0085,0.0157,0.9603
132,4.4,stop,0.9638,0.0033,0.0112,0.0074,0.0143,0.9638
134,4.467,stop,0.9709,0.0027,0.0103,0.0052,0.0109,0.9709
136,4.533,stop,0.9758,0.0024,0.0093,0.0051,0.0074,0.9758
138,4.6,stop,0.9758,0.0024,0.0093,0.0051,0.0074,0.9758
140,4.667,stop,0.9757,0.0024,0.0094,0.0049,0.0075,0.9757
142,4.733,stop,0.9757,0.0024,0.0094,0.0048,0.0078,0.9757
144,4.8,stop,0.9752,0.0024,0.0095,0.0047,0.0081,0.9752
146,4.867,stop,0.9747,0.0025,0.0097,0.0046,0.0086,0.9747
148,4.933,stop,0.9690,0.0030,0.0108,0.0054,0.0118,0.9690
150,5.0,stop,0.9561,0.0042,0.0132,0.0068,0.0198,0.9561
152,5.067,stop,0.9440,0.0056,0.0155,0.0084,0.0264,0.9440
154,5.133,stop,0.9325,0.0069,0.0180,0.0095,0.0332,0.9325
156,5.2,stop,0.8587,0.0104,0.0215,0.0132,0.0962,0.8587
158,5.267,stop,0.7437,0.0134,0.0233,0.0161,0.2036,0.7437
160,5.333,stop,0.6661,0.0149,0.0246,0.0170,0.2773,0.6661
162,5.4,stop,0.7257,0.0155,0.0280,0.0168,0.2140,0.7257
164,5.467,stop,0.8361,0.0156,0.0309,0.0156,0.1018,0.8361
166,5.533,stop,0.8461,0.0167,0.0321,0.0152,0.0898,0.8461
168,5.6,stop,0.8728,0.0171,0.0324,0.0146,0.0630,0.8728
170,5.667,stop,0.8993,0.0162,0.0335,0.0127,0.0384,0.8993
172,5.733,stop,0.9295,0.0139,0.0325,0.0110,0.0131,0.9295
174,5.8,stop,0.9250,0.0144,0.0346,0.0117,0.0142,0.9250
176,5.867,stop,0.9210,0.0151,0.0368,0.0121,0.0150,0.9210
178,5.933,stop,0.9168,0.0166,0.0393,0.0125,0.0147,0.9168
180,6.0,stop,0.9137,0.0177,0.0409,0.0128,0.0149,0.9137
182,6.067,stop,0.9120,0.0182,0.0418,0.0129,0.0151,0.9120
184,6.133,stop,0.9121,0.0186,0.0422,0.0128,0.0144,0.9121
186,6.2,stop,0.9116,0.0191,0.0419,0.0130,0.0145,0.9116
188,6.267,stop,0.9121,0.0193,0.0411,0.0131,0.0144,0.9121
190,6.333,stop,0.9133,0.0191,0.0403,0.0128,0.0145,0.9133
192,6.4,stop,0.9142,0.0182,0.0397,0.0125,0.0154,0.9142
194,6.467,stop,0.9164,0.0172,0.0389,0.0120,0.0154,0.9164
196,6.533,stop,0.9182,0.0164,0.0385,0.0114,0.0155,0.9182
198,6.6,stop,0.9185,0.0162,0.0382,0.0112,0.0159,0.9185
200,6.667,stop,0.9186,0.0162,0.0385,0.0112,0.0155,0.9186
202,6.733,stop,0.9167,0.0170,0.0392,0.0117,0.0154,0.9167
204,6.8,stop,0.9146,0.0178,0.0398,0.0123,0.0156,0.9146
206,6.867,stop,0.9144,0.0185,0.0393,0.0126,0.0153,0.9144
208,6.933,stop,0.9110,0.0200,0.0395,0.0137,0.0158,0.9110
210,7.0,stop,0.9107,0.0197,0.0397,0.0139,0.0159,0.9107
212,7.067,stop,0.9120,0.0186,0.0400,0.0131,0.0163,0.9120
214,7.133,stop,0.9125,0.0183,0.0401,0.0127,0.0164,0.9125
216,7.2,stop,0.9134,0.0176,0.0400,0.0120,0.0170,0.9134
218,7.267,stop,0.9165,0.0165,0.0387,0.0113,0.0170,0.9165
220,7.333,stop,0.9168,0.0159,0.0387,0.0109,0.0177,0.9168
222,7.4,stop,0.9183,0.0158,0.0383,0.0103,0.0173,0.9183
224,7.467,stop,0.9187,0.0157,0.0375,0.0104,0.0177,0.9187
226,7.533,stop,0.9187,0.0162,0.0369,0.0107,0.0175,0.9187
228,7.6,stop,0.9195,0.0165,0.0360,0.0110,0.0170,0.9195
