frame,time,pred_class,conf,prob_walk,prob_lick,prob_scratch,prob_shake,prob_stop
16,0.533,stop,0.9633,0.0020,0.0069,0.0019,0.0259,0.9633
18,0.6,stop,0.9706,0.0017,0.0060,0.0018,0.0200,0.9706
20,0.667,stop,0.9772,0.0011,0.0054,0.0016,0.0147,0.9772
22,0.733,stop,0.9793,0.0011,0.0052,0.0016,0.0127,0.9793
24,0.8,stop,0.9804,0.0011,0.0053,0.0018,0.0114,0.9804
26,0.867,stop,0.9794,0.0013,0.0056,0.0018,0.0119,0.9794
28,0.933,stop,0.9798,0.0014,0.0061,0.0018,0.0109,0.9798
30,1.0,stop,0.9800,0.0014,0.0064,0.0018,0.0104,0.9800
32,1.067,stop,0.9796,0.0015,0.0068,0.0018,0.0103,0.9796
34,1.133,stop,0.9788,0.0020,0.0072,0.0021,0.0099,0.9788
36,1.2,stop,0.9773,0.0026,0.0076,0.0023,0.0101,0.9773
38,1.267,stop,0.9763,0.0026,0.0075,0.0026,0.0109,0.9763
40,1.333,stop,0.9724,0.0028,0.0075,0.0030,0.0143,0.9724
42,1.4,stop,0.9661,0.0034,0.0078,0.0034,0.0193,0.9661
44,1.467,stop,0.9493,0.0040,0.0084,0.0039,0.0345,0.9493
46,1.533,stop,0.9274,0.0041,0.0086,0.0039,0.0560,0.9274
48,1.6,stop,0.8959,0.0041,0.0087,0.0034,0.0877,0.8959
50,1.667,stop,0.8557,0.0053,0.0091,0.0033,0.1266,0.8557
52,1.733,stop,0.8011,0.0070,0.0099,0.0034,0.1786,0.8011
54,1.8,stop,0.7921,0.0081,0.0098,0.0032,0.1869,0.7921
56,1.867,stop,0.8025,0.0098,0.0103,0.0034,0.1740,0.8025
58,1.933,stop,0.8663,0.0118,0.0103,0.0034,0.1082,0.8663
60,2.0,stop,0.8839,0.0127,0.0104,0.0036,0.0895,0.8839
62,2.067,stop,0.8964,0.0118,0.0103,0.0035,0.0780,0.8964
64,2.133,stop,0.9025,0.0121,0.0106,0.0035,0.0714,0.9025
66,2.2,stop,0.9083,0.0120,0.0108,0.0037,0.0653,0.9083
68,2.267,stop,0.9172,0.0123,0.0111,0.0037,0.0557,0.9172
70,2.333,stop,0.9200,0.0098,0.0107,0.0033,0.0562,0.9200
72,2.4,stop,0.9169,0.0089,0.0108,0.0031,0.0603,0.9169
74,2.467,stop,0.9113,0.0091,0.0116,0.0031,0.0649,0.9113
76,2.533,stop,0.9126,0.0102,0.0124,0.0033,0.0615,0.9126
78,2.6,stop,0.9147,0.0141,0.0135,0.0037,0.0539,0.9147
80,2.667,stop,0.9093,0.0196,0.0150,0.0043,0.0518,0.9093
82,2.733,stop,0.9096,0.0267,0.0155,0.0048,0.0434,0.9096
84,2.8,stop,0.9208,0.0234,0.0154,0.0047,0.0357,0.9208
86,2.867,stop,0.9212,0.0237,0.0155,0.0047,0.0349,0.9212
88,2.933,stop,0.9250,0.0204,0.0150,0.0045,0.0351,0.9250
90,3.0,stop,0.9307,0.0137,0.0142,0.0038,0.0376,0.9307
92,3.067,stop,0.9331,0.0109,0.0135,0.0034,0.0391,0.9331
94,3.133,stop,0.9341,0.0100,0.0132,0.0032,0.0396,0.9341
96,3.2,stop,0.9340,0.0099,0.0132,0.0031,0.0398,0.9340
98,3.267,stop,0.9335,0.0106,0.0133,0.0033,0.0393,0.9335
100,3.333,stop,0.9325,0.0116,0.0137,0.0034,0.0389,0.9325
102,3.4,stop,0.9314,0.0128,0.0140,0.0035,0.0382,0.9314
104,3.467,stop,0.9307,0.0138,0.0141,0.0036,0.0378,0.9307
106,3.533,stop,0.9296,0.0150,0.0143,0.0037,0.0375,0.9296
108,3.6,stop,0.9304,0.0155,0.0143,0.0038,0.0360,0.9304
110,3.667,stop,0.9256,0.0164,0.0138,0.0039,0.0403,0.9256
112,3.733,stop,0.9270,0.0149,0.0137,0.0037,0.0407,0.9270
114,3.8,stop,0.9292,0.0141,0.0135,0.0036,0.0396,0.9292
116,3.867,stop,0.9298,0.0131,0.0134,0.0035,0.0403,0.9298
118,3.933,stop,0.9305,0.0130,0.0133,0.0035,0.0397,0.9305
120,4.0,stop,0.9307,0.0126,0.0133,0.0034,0.0400,0.9307
122,4.067,stop,0.9312,0.0125,0.0132,0.0034,0.0397,0.9312
124,4.133,stop,0.9293,0.0109,0.0129,0.0033,0.0436,0.9293
126,4.2,stop,0.9239,0.0138,0.0130,0.0038,0.0456,0.9239
128,4.267,stop,0.9222,0.0148,0.0125,0.0040,0.0464,0.9222
130,4.333,stop,0.9174,0.0138,0.0121,0.0042,0.0525,0.9174
132,4.4,stop,0.9146,0.0125,0.0113,0.0041,0.0576,0.9146
134,4.467,stop,0.9094,0.0118,0.0106,0.0041,0.0642,0.9094
136,4.533,stop,0.9013,0.0109,0.0097,0.0040,0.0740,0.9013
138,4.6,stop,0.8673,0.0124,0.0101,0.0048,0.1054,0.8673
140,4.667,stop,0.7809,0.0144,0.0106,0.0051,0.1891,0.7809
142,4.733,stop,0.5790,0.0191,0.0107,0.0061,0.3852,0.5790
144,4.8,shake,0.6963,0.0147,0.0071,0.0048,0.6963,0.2771
146,4.867,shake,0.8200,0.0097,0.0053,0.0037,0.8200,0.1612
148,4.933,shake,0.8461,0.0088,0.0052,0.0034,0.8461,0.1366
150,5.0,shake,0.7895,0.0089,0.0065,0.0042,0.7895,0.1909
152,5.067,shake,0.6080,0.0059,0.0086,0.0046,0.6080,0.3729
154,5.133,stop,0.7002,0.0040,0.0102,0.0043,0.2813,0.7002
156,5.2,stop,0.8717,0.0028,0.0094,0.0038,0.1123,0.8717
158,5.267,stop,0.9712,0.0014,0.0062,0.0024,0.0188,0.9712
160,5.333,stop,0.9793,0.0011,0.0055,0.0025,0.0116,0.9793
162,5.4,stop,0.9811,0.0010,0.0054,0.0027,0.0097,0.9811
164,5.467,stop,0.9815,0.0010,0.0056,0.0031,0.0088,0.9815
166,5.533,stop,0.9817,0.0011,0.0056,0.0033,0.0082,0.9817
168,5.6,stop,0.9820,0.0011,0.0058,0.0037,0.0074,0.9820
170,5.667,stop,0.9823,0.0012,0.0057,0.0038,0.0070,0.9823
172,5.733,stop,0.9825,0.0011,0.0057,0.0038,0.0068,0.9825
174,5.8,stop,0.9827,0.0012,0.0057,0.0040,0.0065,0.9827
176,5.867,stop,0.9827,0.0012,0.0056,0.0040,0.0065,0.9827
178,5.933,stop,0.9830,0.0011,0.0055,0.0040,0.0064,0.9830
180,6.0,stop,0.9834,0.0010,0.0053,0.0039,0.0064,0.9834
182,6.067,stop,0.9839,0.0010,0.0051,0.0037,0.0063,0.9839
184,6.133,stop,0.9842,0.0009,0.0050,0.0037,0.0062,0.9842
186,6.2,stop,0.9844,0.0009,0.0050,0.0036,0.0061,0.9844
188,6.267,stop,0.9845,0.0009,0.0049,0.0036,0.0060,0.9845
190,6.333,stop,0.9849,0.0010,0.0047,0.0036,0.0058,0.9849
192,6.4,stop,0.9852,0.0010,0.0045,0.0036,0.0056,0.9852
194,6.467,stop,0.9854,0.0011,0.0045,0.0037,0.0054,0.9854
196,6.533,stop,0.9858,0.0011,0.0043,0.0037,0.0051,0.9858
198,6.6,stop,0.9861,0.0011,0.0041,0.0037,0.0049,0.9861
200,6.667,stop,0.9862,0.0013,0.0040,0.0038,0.0047,0.9862
202,6.733,stop,0.9861,0.0014,0.0040,0.0038,0.0047,0.9861
204,6.8,stop,0.9862,0.0014,0.0039,0.0036,0.0048,0.9862
206,6.867,stop,0.9861,0.0014,0.0040,0.0034,0.0051,0.9861
208,6.933,stop,0.9864,0.0013,0.0039,0.0031,0.0053,0.9864
210,7.0,stop,0.9863,0.0013,0.0039,0.0028,0.0057,0.9863
212,7.067,stop,0.9864,0.0012,0.0039,0.0025,0.0060,0.9864
214,7.133,stop,0.9869,0.0010,0.0037,0.0021,0.0063,0.9869
216,7.2,stop,0.9869,0.0010,0.0037,0.0020,0.0064,0.9869
218,7.267,stop,0.9867,0.0010,0.0037,0.0020,0.0066,0.9867
220,7.333,stop,0.9868,0.0010,0.0037,0.0019,0.0066,0.9868
222,7.4,stop,0.9870,0.0010,0.0036,0.0018,0.0066,0.9870
224,7.467,stop,0.9873,0.0009,0.0035,0.0017,0.0066,0.9873
226,7.533,stop,0.9873,0.0009,0.0036,0.0017,0.0065,0.9873
228,7.6,stop,0.9871,0.0010,0.0037,0.0017,0.0066,0.9871
230,7.667,stop,0.9872,0.0009,0.0037,0.0016,0.0067,0.9872
232,7.733,stop,0.9868,0.0009,0.0037,0.0016,0.0069,0.9868
234,7.8,stop,0.9848,0.0010,0.0039,0.0017,0.0085,0.9848
236,7.867,stop,0.9810,0.0011,0.0044,0.0018,0.0117,0.9810
238,7.933,stop,0.9734,0.0012,0.0051,0.0019,0.0183,0.9734
240,8.0,stop,0.9608,0.0016,0.0061,0.0020,0.0295,0.9608
242,8.067,stop,0.9426,0.0021,0.0073,0.0020,0.0460,0.9426
244,8.133,stop,0.9112,0.0035,0.0091,0.0022,0.0740,0.9112
246,8.2,stop,0.8498,0.0067,0.0118,0.0027,0.1290,0.8498
248,8.267,stop,0.7921,0.0114,0.0137,0.0031,0.1797,0.7921
250,8.333,stop,0.8027,0.0256,0.0151,0.0038,0.1528,0.8027
252,8.4,stop,0.8149,0.0395,0.0154,0.0045,0.1259,0.8149
254,8.467,stop,0.8140,0.0592,0.0156,0.0052,0.1061,0.8140
256,8.533,stop,0.8302,0.0508,0.0145,0.0052,0.0993,0.8302
258,8.6,stop,0.8649,0.0357,0.0127,0.0047,0.0820,0.8649
260,8.667,stop,0.8751,0.0236,0.0120,0.0045,0.0849,0.8751
262,8.733,stop,0.8781,0.0159,0.0111,0.0041,0.0909,0.8781
264,8.8,stop,0.8638,0.0090,0.0103,0.0031,0.1138,0.8638
266,8.867,stop,0.8449,0.0080,0.0105,0.0029,0.1337,0.8449
268,8.933,stop,0.8417,0.0078,0.0106,0.0027,0.1372,0.8417
270,9.0,stop,0.8238,0.0085,0.0112,0.0027,0.1538,0.8238
272,9.067,stop,0.8164,0.0087,0.0115,0.0025,0.1608,0.8164
274,9.133,stop,0.8700,0.0094,0.0108,0.0022,0.1076,0.8700
276,9.2,stop,0.8659,0.0099,0.0112,0.0022,0.1109,0.8659
278,9.267,stop,0.8784,0.0118,0.0116,0.0023,0.0959,0.8784
280,9.333,stop,0.8786,0.0105,0.0112,0.0020,0.0976,0.8786
282,9.4,stop,0.8773,0.0111,0.0113,0.0021,0.0982,0.8773
284,9.467,stop,0.8662,0.0119,0.0120,0.0022,0.1078,0.8662
286,9.533,stop,0.8313,0.0121,0.0128,0.0023,0.1415,0.8313
288,9.6,stop,0.7986,0.0140,0.0141,0.0023,0.1710,0.7986
290,9.667,stop,0.7550,0.0157,0.0156,0.0023,0.2114,0.7550
292,9.733,stop,0.7213,0.0182,0.0175,0.0022,0.2408,0.7213
294,9.8,stop,0.6667,0.0243,0.0192,0.0023,0.2875,0.6667
296,9.867,stop,0.6043,0.0335,0.0210,0.0024,0.3387,0.6043
298,9.933,stop,0.6129,0.0409,0.0227,0.0027,0.3209,0.6129
300,10.0,stop,0.6928,0.0420,0.0236,0.0030,0.2386,0.6928
302,10.067,stop,0.7200,0.0515,0.0234,0.0035,0.2016,0.7200
304,10.133,stop,0.7434,0.0813,0.0232,0.0043,0.1477,0.7434
306,10.2,stop,0.7167,0.1395,0.0229,0.0054,0.1156,0.7167
308,10.267,stop,0.7597,0.1155,0.0205,0.0056,0.0987,0.7597
310,10.333,stop,0.7869,0.1055,0.0187,0.0057,0.0832,0.7869
312,10.4,stop,0.8203,0.0639,0.0174,0.0048,0.0937,0.8203
314,10.467,stop,0.8136,0.0597,0.0178,0.0051,0.1039,0.8136
316,10.533,stop,0.7971,0.0523,0.0181,0.0051,0.1274,0.7971
318,10.6,stop,0.7928,0.0340,0.0167,0.0042,0.1523,0.7928
320,10.667,stop,0.7722,0.0340,0.0168,0.0040,0.1731,0.7722
322,10.733,stop,0.7622,0.0410,0.0172,0.0044,0.1752,0.7622
324,10.8,shake,0.9907,0.0006,0.0003,0.0004,0.9907,0.0079
326,10.867,stop,0.7588,0.0392,0.0132,0.0052,0.1837,0.7588
328,10.933,stop,0.7952,0.0240,0.0113,0.0037,0.1658,0.7952
330,11.0,stop,0.8348,0.0217,0.0104,0.0033,0.1297,0.8348
332,11.067,stop,0.8570,0.0271,0.0102,0.0037,0.1020,0.8570
334,11.133,stop,0.8710,0.0311,0.0101,0.0037,0.0842,0.8710
336,11.2,stop,0.8667,0.0460,0.0104,0.0041,0.0728,0.8667
338,11.267,stop,0.8727,0.0531,0.0102,0.0039,0.0601,0.8727
340,11.333,stop,0.8704,0.0589,0.0102,0.0041,0.0563,0.8704
342,11.4,stop,0.8627,0.0722,0.0102,0.0044,0.0507,0.8627
344,11.467,stop,0.8923,0.0382,0.0097,0.0035,0.0563,0.8923
346,11.533,stop,0.9005,0.0244,0.0095,0.0029,0.0628,0.9005
348,11.6,stop,0.9021,0.0165,0.0091,0.0024,0.0698,0.9021
350,11.667,stop,0.9009,0.0116,0.0087,0.0019,0.0769,0.9009
352,11.733,stop,0.9031,0.0117,0.0087,0.0020,0.0746,0.9031
354,11.8,stop,0.8992,0.0115,0.0092,0.0020,0.0782,0.8992
356,11.867,stop,0.8959,0.0124,0.0097,0.0020,0.0800,0.8959
358,11.933,stop,0.8925,0.0132,0.0100,0.0021,0.0822,0.8925
360,12.0,stop,0.8844,0.0131,0.0101,0.0021,0.0903,0.8844
362,12.067,stop,0.8765,0.0127,0.0101,0.0020,0.0987,0.8765
364,12.133,stop,0.8756,0.0130,0.0102,0.0020,0.0992,0.8756
366,12.2,stop,0.8721,0.0119,0.0102,0.0019,0.1040,0.8721
368,12.267,stop,0.8793,0.0110,0.0100,0.0018,0.0979,0.8793
370,12.333,stop,0.8833,0.0106,0.0099,0.0017,0.0945,0.8833
372,12.4,stop,0.8855,0.0102,0.0099,0.0018,0.0926,0.8855
374,12.467,stop,0.8946,0.0102,0.0102,0.0019,0.0831,0.8946
376,12.533,stop,0.8978,0.0109,0.0107,0.0020,0.0786,0.8978
378,12.6,stop,0.9035,0.0116,0.0111,0.0021,0.0716,0.9035
380,12.667,stop,0.9042,0.0127,0.0114,0.0023,0.0694,0.9042
382,12.733,stop,0.9072,0.0148,0.0116,0.0024,0.0641,0.9072
384,12.8,shake,0.9776,0.0008,0.0008,0.0005,0.9776,0.0203
386,12.867,shake,0.9773,0.0009,0.0008,0.0006,0.9773,0.0204
388,12.933,shake,0.9781,0.0009,0.0008,0.0006,0.9781,0.0196
390,13.0,shake,0.9782,0.0009,0.0008,0.0006,0.9782,0.0196
392,13.067,shake,0.9786,0.0009,0.0008,0.0006,0.9786,0.0192
394,13.133,shake,0.9781,0.0009,0.0008,0.0006,0.9781,0.0197
396,13.2,shake,0.9766,0.0011,0.0008,0.0007,0.9766,0.0208
16,0.533,stop,0.9055,0.0023,0.0812,0.0052,0.0057,0.9055
18,0.6,stop,0.9061,0.0024,0.0806,0.0053,0.0056,0.9061
20,0.667,stop,0.9013,0.0025,0.0851,0.0054,0.0056,0.9013
22,0.733,stop,0.8963,0.0027,0.0897,0.0056,0.0057,0.8963
24,0.8,stop,0.8950,0.0026,0.0911,0.0055,0.0058,0.8950
26,0.867,stop,0.8938,0.0026,0.0923,0.0055,0.0059,0.8938
28,0.933,stop,0.8955,0.0025,0.0911,0.0053,0.0057,0.8955
30,1.0,stop,0.8991,0.0023,0.0873,0.0053,0.0060,0.8991
32,1.067,stop,0.9028,0.0022,0.0838,0.0052,0.0060,0.9028
34,1.133,stop,0.9081,0.0021,0.0785,0.0053,0.0059,0.9081
36,1.2,stop,0.9069,0.0023,0.0795,0.0055,0.0059,0.9069
38,1.267,stop,0.9047,0.0025,0.0812,0.0057,0.0058,0.9047
40,1.333,stop,0.9013,0.0027,0.0844,0.0059,0.0058,0.9013
42,1.4,stop,0.9004,0.0027,0.0852,0.0060,0.0058,0.9004
44,1.467,stop,0.8995,0.0027,0.0862,0.0059,0.0057,0.8995
46,1.533,stop,0.9019,0.0026,0.0845,0.0057,0.0052,0.9019
48,1.6,stop,0.9074,0.0023,0.0798,0.0052,0.0053,0.9074
50,1.667,stop,0.9078,0.0022,0.0795,0.0052,0.0053,0.9078
52,1.733,stop,0.9094,0.0022,0.0779,0.0052,0.0053,0.9094
54,1.8,stop,0.9108,0.0021,0.0766,0.0051,0.0053,0.9108
56,1.867,stop,0.9087,0.0021,0.0778,0.0054,0.0059,0.9087
58,1.933,stop,0.9061,0.0023,0.0793,0.0058,0.0065,0.9061
60,2.0,stop,0.9060,0.0024,0.0782,0.0062,0.0072,0.9060
62,2.067,stop,0.9086,0.0025,0.0747,0.0065,0.0076,0.9086
64,2.133,stop,0.9116,0.0027,0.0709,0.0070,0.0078,0.9116
66,2.2,stop,0.9141,0.0029,0.0675,0.0076,0.0079,0.9141
68,2.267,stop,0.9192,0.0031,0.0616,0.0083,0.0078,0.9192
70,2.333,stop,0.9292,0.0028,0.0530,0.0082,0.0067,0.9292
72,2.4,stop,0.9326,0.0029,0.0502,0.0081,0.0062,0.9326
74,2.467,stop,0.9335,0.0030,0.0497,0.0079,0.0060,0.9335
76,2.533,stop,0.9324,0.0032,0.0505,0.0079,0.0059,0.9324
78,2.6,stop,0.9309,0.0034,0.0518,0.0078,0.0061,0.9309
80,2.667,stop,0.9289,0.0034,0.0538,0.0077,0.0063,0.9289
82,2.733,stop,0.9254,0.0037,0.0568,0.0077,0.0064,0.9254
84,2.8,stop,0.9214,0.0040,0.0604,0.0075,0.0067,0.9214
86,2.867,stop,0.9167,0.0040,0.0648,0.0073,0.0071,0.9167
88,2.933,stop,0.9160,0.0039,0.0658,0.0071,0.0072,0.9160
90,3.0,stop,0.9140,0.0039,0.0676,0.0071,0.0074,0.9140
92,3.067,stop,0.9118,0.0041,0.0694,0.0071,0.0076,0.9118
94,3.133,stop,0.9083,0.0041,0.0725,0.0071,0.0080,0.9083
96,3.2,stop,0.9092,0.0038,0.0720,0.0069,0.0081,0.9092
98,3.267,stop,0.9123,0.0036,0.0694,0.0067,0.0081,0.9123
100,3.333,stop,0.9125,0.0036,0.0691,0.0067,0.0080,0.9125
102,3.4,stop,0.9120,0.0036,0.0695,0.0069,0.0079,0.9120
104,3.467,stop,0.9134,0.0034,0.0683,0.0069,0.0080,0.9134
106,3.533,stop,0.9155,0.0032,0.0663,0.0070,0.0079,0.9155
108,3.6,stop,0.9189,0.0030,0.0626,0.0074,0.0082,0.9189
110,3.667,stop,0.9192,0.0029,0.0618,0.0077,0.0084,0.9192
112,3.733,stop,0.9211,0.0027,0.0598,0.0081,0.0083,0.9211
114,3.8,stop,0.9211,0.0028,0.0587,0.0089,0.0085,0.9211
116,3.867,stop,0.9197,0.0028,0.0595,0.0093,0.0088,0.9197
118,3.933,stop,0.9181,0.0028,0.0614,0.0093,0.0084,0.9181
120,4.0,stop,0.9133,0.0028,0.0669,0.0089,0.0081,0.9133
122,4.067,stop,0.9073,0.0029,0.0740,0.0084,0.0074,0.9073
124,4.133,stop,0.9032,0.0028,0.0798,0.0076,0.0066,0.9032
126,4.2,stop,0.8954,0.0026,0.0887,0.0067,0.0066,0.8954
128,4.267,stop,0.8869,0.0025,0.0980,0.0059,0.0067,0.8869
130,4.333,stop,0.8806,0.0024,0.1056,0.0055,0.0060,0.8806
132,4.4,stop,0.8841,0.0023,0.1020,0.0054,0.0062,0.8841
134,4.467,stop,0.8907,0.0022,0.0948,0.0056,0.0067,0.8907
136,4.533,stop,0.8972,0.0022,0.0877,0.0057,0.0071,0.8972
138,4.6,stop,0.9059,0.0022,0.0788,0.0059,0.0072,0.9059
140,4.667,stop,0.9134,0.0023,0.0706,0.0063,0.0075,0.9134
142,4.733,stop,0.9188,0.0024,0.0643,0.0068,0.0078,0.9188
144,4.8,stop,0.9245,0.0024,0.0578,0.0073,0.0080,0.9245
146,4.867,stop,0.9289,0.0024,0.0529,0.0078,0.0080,0.9289
148,4.933,stop,0.9357,0.0023,0.0467,0.0081,0.0072,0.9357
150,5.0,stop,0.9385,0.0021,0.0439,0.0085,0.0070,0.9385
152,5.067,stop,0.9397,0.0021,0.0426,0.0088,0.0068,0.9397
154,5.133,stop,0.9409,0.0021,0.0412,0.0093,0.0066,0.9409
156,5.2,stop,0.9397,0.0022,0.0421,0.0096,0.0065,0.9397
158,5.267,stop,0.9396,0.0023,0.0423,0.0097,0.0061,0.9396
160,5.333,stop,0.9402,0.0021,0.0422,0.0094,0.0062,0.9402
162,5.4,stop,0.9396,0.0021,0.0429,0.0091,0.0062,0.9396
164,5.467,stop,0.9387,0.0021,0.0442,0.0089,0.0061,0.9387
166,5.533,stop,0.9388,0.0021,0.0440,0.0090,0.0060,0.9388
168,5.6,stop,0.9383,0.0021,0.0444,0.0091,0.0061,0.9383
170,5.667,stop,0.9380,0.0022,0.0446,0.0093,0.0059,0.9380
172,5.733,stop,0.9367,0.0023,0.0457,0.0096,0.0058,0.9367
174,5.8,stop,0.9368,0.0022,0.0452,0.0098,0.0060,0.9368
176,5.867,stop,0.9360,0.0022,0.0463,0.0096,0.0059,0.9360
178,5.933,stop,0.9360,0.0021,0.0466,0.0093,0.0060,0.9360
180,6.0,stop,0.9360,0.0020,0.0470,0.0090,0.0060,0.9360
182,6.067,stop,0.9359,0.0021,0.0469,0.0091,0.0060,0.9359
184,6.133,stop,0.9341,0.0021,0.0487,0.0090,0.0061,0.9341
186,6.2,stop,0.9347,0.0022,0.0479,0.0092,0.0060,0.9347
188,6.267,stop,0.9335,0.0022,0.0488,0.0094,0.0060,0.9335
190,6.333,stop,0.9342,0.0021,0.0489,0.0089,0.0060,0.9342
192,6.4,stop,0.9342,0.0021,0.0483,0.0091,0.0064,0.9342
194,6.467,stop,0.9359,0.0020,0.0465,0.0092,0.0064,0.9359
196,6.533,stop,0.9358,0.0020,0.0467,0.0091,0.0064,0.9358
198,6.6,stop,0.9367,0.0020,0.0458,0.0092,0.0063,0.9367
200,6.667,stop,0.9372,0.0020,0.0454,0.0092,0.0062,0.9372
202,6.733,stop,0.9373,0.0020,0.0451,0.0094,0.0061,0.9373
204,6.8,stop,0.9373,0.0021,0.0451,0.0095,0.0059,0.9373
206,6.867,stop,0.9364,0.0024,0.0459,0.0100,0.0054,0.9364
208,6.933,stop,0.9371,0.0022,0.0459,0.0091,0.0057,0.9371
210,7.0,stop,0.9347,0.0023,0.0480,0.0090,0.0059,0.9347
212,7.067,stop,0.9333,0.0023,0.0493,0.0090,0.0061,0.9333
214,7.133,stop,0.9317,0.0024,0.0506,0.0091,0.0062,0.9317
216,7.2,stop,0.9307,0.0024,0.0516,0.0091,0.0062,0.9307
218,7.267,stop,0.9311,0.0023,0.0513,0.0089,0.0064,0.9311
220,7.333,stop,0.9324,0.0022,0.0500,0.0088,0.0065,0.9324
222,7.4,stop,0.9349,0.0020,0.0480,0.0086,0.0065,0.9349
224,7.467,stop,0.9370,0.0020,0.0460,0.0086,0.0065,0.9370
226,7.533,stop,0.9386,0.0019,0.0444,0.0086,0.0066,0.9386
228,7.6,stop,0.9398,0.0018,0.0430,0.0087,0.0066,0.9398
230,7.667,stop,0.9406,0.0018,0.0423,0.0087,0.0065,0.9406
232,7.733,stop,0.9396,0.0020,0.0429,0.0092,0.0064,0.9396
234,7.8,stop,0.9364,0.0021,0.0457,0.0093,0.0065,0.9364
236,7.867,stop,0.9326,0.0023,0.0489,0.0096,0.0065,0.9326
238,7.933,stop,0.9276,0.0028,0.0532,0.0100,0.0064,0.9276
240,8.0,stop,0.9197,0.0034,0.0602,0.0104,0.0063,0.9197
242,8.067,stop,0.9133,0.0037,0.0668,0.0101,0.0061,0.9133
244,8.133,stop,0.9064,0.0041,0.0737,0.0099,0.0059,0.9064
246,8.2,stop,0.9038,0.0041,0.0770,0.0095,0.0056,0.9038
16,0.533,stop,0.9138,0.0019,0.0667,0.0134,0.0041,0.9138
18,0.6,stop,0.9134,0.0020,0.0668,0.0137,0.0041,0.9134
20,0.667,stop,0.9137,0.0020,0.0661,0.0142,0.0041,0.9137
22,0.733,stop,0.9140,0.0020,0.0651,0.0148,0.0041,0.9140
24,0.8,stop,0.9140,0.0020,0.0644,0.0154,0.0042,0.9140
26,0.867,stop,0.9145,0.0020,0.0631,0.0162,0.0042,0.9145
28,0.933,stop,0.9156,0.0020,0.0614,0.0169,0.0042,0.9156
30,1.0,stop,0.9164,0.0019,0.0601,0.0174,0.0042,0.9164
32,1.067,stop,0.9177,0.0019,0.0587,0.0175,0.0041,0.9177
34,1.133,stop,0.9182,0.0019,0.0583,0.0175,0.0041,0.9182
36,1.2,stop,0.9175,0.0019,0.0587,0.0178,0.0041,0.9175
38,1.267,stop,0.9165,0.0020,0.0599,0.0176,0.0041,0.9165
40,1.333,stop,0.9160,0.0020,0.0611,0.0169,0.0041,0.9160
42,1.4,stop,0.9142,0.0020,0.0631,0.0166,0.0041,0.9142
44,1.467,stop,0.9125,0.0021,0.0649,0.0163,0.0041,0.9125
46,1.533,stop,0.9103,0.0022,0.0671,0.0162,0.0042,0.9103
48,1.6,stop,0.9105,0.0021,0.0677,0.0156,0.0042,0.9105
16,0.533,stop,0.9673,0.0019,0.0235,0.0046,0.0027,0.9673
18,0.6,stop,0.9681,0.0018,0.0228,0.0046,0.0026,0.9681
20,0.667,stop,0.9686,0.0018,0.0225,0.0046,0.0026,0.9686
22,0.733,stop,0.9686,0.0017,0.0227,0.0044,0.0026,0.9686
24,0.8,stop,0.9685,0.0017,0.0231,0.0042,0.0026,0.9685
26,0.867,stop,0.9684,0.0016,0.0233,0.0040,0.0026,0.9684
28,0.933,stop,0.9678,0.0015,0.0241,0.0038,0.0028,0.9678
30,1.0,stop,0.9665,0.0015,0.0255,0.0036,0.0029,0.9665
32,1.067,stop,0.9651,0.0016,0.0269,0.0035,0.0030,0.9651
34,1.133,stop,0.9642,0.0016,0.0277,0.0036,0.0030,0.9642
36,1.2,stop,0.9635,0.0016,0.0283,0.0035,0.0030,0.9635
38,1.267,stop,0.9631,0.0016,0.0287,0.0035,0.0030,0.9631
40,1.333,stop,0.9626,0.0017,0.0292,0.0035,0.0030,0.9626
42,1.4,stop,0.9627,0.0016,0.0293,0.0034,0.0029,0.9627
44,1.467,stop,0.9629,0.0016,0.0292,0.0034,0.0029,0.9629
46,1.533,stop,0.9628,0.0016,0.0293,0.0034,0.0029,0.9628
48,1.6,stop,0.9622,0.0017,0.0298,0.0034,0.0029,0.9622
50,1.667,stop,0.9612,0.0017,0.0307,0.0034,0.0029,0.9612
52,1.733,stop,0.9604,0.0018,0.0314,0.0035,0.0030,0.9604
54,1.8,stop,0.9611,0.0018,0.0305,0.0035,0.0031,0.9611
16,0.533,stop,0.8059,0.0018,0.1780,0.0086,0.0056,0.8059
18,0.6,stop,0.8045,0.0018,0.1796,0.0086,0.0056,0.8045
20,0.667,stop,0.8047,0.0018,0.1793,0.0086,0.0056,0.8047
22,0.733,stop,0.8004,0.0019,0.1836,0.0085,0.0055,0.8004
24,0.8,stop,0.7965,0.0019,0.1876,0.0085,0.0055,0.7965
26,0.867,stop,0.7916,0.0019,0.1923,0.0086,0.0055,0.7916
28,0.933,stop,0.7872,0.0020,0.1966,0.0087,0.0055,0.7872
30,1.0,stop,0.7847,0.0020,0.1989,0.0089,0.0055,0.7847
32,1.067,stop,0.7853,0.0020,0.1982,0.0090,0.0056,0.7853
34,1.133,stop,0.7874,0.0020,0.1960,0.0091,0.0056,0.7874
36,1.2,stop,0.7956,0.0020,0.1876,0.0092,0.0056,0.7956
38,1.267,stop,0.8005,0.0019,0.1828,0.0092,0.0056,0.8005
40,1.333,stop,0.8053,0.0019,0.1779,0.0092,0.0057,0.8053
42,1.4,stop,0.8097,0.0019,0.1733,0.0094,0.0057,0.8097
44,1.467,stop,0.8106,0.0019,0.1723,0.0094,0.0058,0.8106
46,1.533,stop,0.8119,0.0019,0.1710,0.0095,0.0058,0.8119
48,1.6,stop,0.8117,0.0019,0.1711,0.0094,0.0058,0.8117
50,1.667,stop,0.8076,0.0019,0.1753,0.0094,0.0058,0.8076
52,1.733,stop,0.8063,0.0019,0.1764,0.0095,0.0059,0.8063
54,1.8,stop,0.8030,0.0019,0.1796,0.0096,0.0059,0.8030
56,1.867,stop,0.8002,0.0020,0.1824,0.0096,0.0058,0.8002
58,1.933,stop,0.7983,0.0020,0.1842,0.0097,0.0059,0.7983
60,2.0,stop,0.7958,0.0020,0.1868,0.0096,0.0058,0.7958
62,2.067,stop,0.7958,0.0019,0.1869,0.0096,0.0058,0.7958
64,2.133,stop,0.7981,0.0019,0.1846,0.0095,0.0058,0.7981
66,2.2,stop,0.8013,0.0019,0.1816,0.0094,0.0059,0.8013
68,2.267,stop,0.8040,0.0019,0.1789,0.0093,0.0059,0.8040
70,2.333,stop,0.8068,0.0018,0.1762,0.0093,0.0059,0.8068
72,2.4,stop,0.8081,0.0018,0.1750,0.0092,0.0058,0.8081
74,2.467,stop,0.8100,0.0018,0.1732,0.0092,0.0057,0.8100
76,2.533,stop,0.8102,0.0019,0.1731,0.0092,0.0057,0.8102
78,2.6,stop,0.8097,0.0019,0.1736,0.0091,0.0057,0.8097
80,2.667,stop,0.8099,0.0019,0.1734,0.0092,0.0056,0.8099
82,2.733,stop,0.8095,0.0019,0.1738,0.0092,0.0056,0.8095
84,2.8,stop,0.8096,0.0019,0.1738,0.0091,0.0055,0.8096
86,2.867,stop,0.8105,0.0019,0.1730,0.0091,0.0055,0.8105
88,2.933,stop,0.8103,0.0019,0.1732,0.0091,0.0055,0.8103
90,3.0,stop,0.8094,0.0019,0.1741,0.0090,0.0055,0.8094
92,3.067,stop,0.8072,0.0019,0.1765,0.0089,0.0055,0.8072
94,3.133,stop,0.8040,0.0019,0.1798,0.0088,0.0055,0.8040
96,3.2,stop,0.8005,0.0019,0.1833,0.0087,0.0056,0.8005
98,3.267,stop,0.7985,0.0019,0.1853,0.0087,0.0056,0.7985
100,3.333,stop,0.7948,0.0019,0.1889,0.0087,0.0057,0.7948
102,3.4,stop,0.7943,0.0019,0.1895,0.0087,0.0057,0.7943
104,3.467,stop,0.7927,0.0019,0.1911,0.0086,0.0056,0.7927
106,3.533,stop,0.7944,0.0019,0.1894,0.0087,0.0056,0.7944
108,3.6,stop,0.7939,0.0019,0.1899,0.0087,0.0056,0.7939
110,3.667,stop,0.7933,0.0019,0.1904,0.0087,0.0056,0.7933
112,3.733,stop,0.7936,0.0019,0.1902,0.0087,0.0056,0.7936
114,3.8,stop,0.7946,0.0019,0.1892,0.0087,0.0057,0.7946
116,3.867,stop,0.7955,0.0019,0.1883,0.0087,0.0057,0.7955
118,3.933,stop,0.7978,0.0019,0.1859,0.0088,0.0057,0.7978
120,4.0,stop,0.7999,0.0019,0.1835,0.0089,0.0057,0.7999
122,4.067,stop,0.8023,0.0019,0.1813,0.0089,0.0056,0.8023
124,4.133,stop,0.8038,0.0019,0.1797,0.0090,0.0057,0.8038
126,4.2,stop,0.8042,0.0019,0.1793,0.0090,0.0056,0.8042
128,4.267,stop,0.8042,0.0019,0.1794,0.0090,0.0056,0.8042
130,4.333,stop,0.8048,0.0019,0.1788,0.0090,0.0055,0.8048
132,4.4,stop,0.8040,0.0019,0.1795,0.0090,0.0055,0.8040
134,4.467,stop,0.8029,0.0020,0.1803,0.0092,0.0056,0.8029
136,4.533,stop,0.8012,0.0020,0.1823,0.0091,0.0055,0.8012
138,4.6,stop,0.7986,0.0019,0.1850,0.0090,0.0055,0.7986
140,4.667,stop,0.7977,0.0019,0.1859,0.0090,0.0055,0.7977
142,4.733,stop,0.7987,0.0019,0.1849,0.0089,0.0056,0.7987
144,4.8,stop,0.7988,0.0019,0.1848,0.0089,0.0057,0.7988
146,4.867,stop,0.8003,0.0019,0.1834,0.0089,0.0057,0.8003
148,4.933,stop,0.8019,0.0019,0.1816,0.0090,0.0057,0.8019
150,5.0,stop,0.7998,0.0019,0.1837,0.0090,0.0056,0.7998
152,5.067,stop,0.8015,0.0020,0.1819,0.0091,0.0055,0.8015
154,5.133,stop,0.8027,0.0020,0.1807,0.0091,0.0055,0.8027
156,5.2,stop,0.8039,0.0020,0.1795,0.0091,0.0055,0.8039
158,5.267,stop,0.8048,0.0020,0.1787,0.0091,0.0055,0.8048
160,5.333,stop,0.8074,0.0019,0.1762,0.0090,0.0055,0.8074
162,5.4,stop,0.8094,0.0018,0.1744,0.0088,0.0055,0.8094
164,5.467,stop,0.8134,0.0018,0.1704,0.0089,0.0055,0.8134
166,5.533,stop,0.8158,0.0019,0.1679,0.0089,0.0055,0.8158
168,5.6,stop,0.8172,0.0019,0.1664,0.0090,0.0055,0.8172
170,5.667,stop,0.8182,0.0019,0.1655,0.0090,0.0055,0.8182
172,5.733,stop,0.8184,0.0019,0.1653,0.0090,0.0054,0.8184
174,5.8,stop,0.8165,0.0019,0.1671,0.0091,0.0054,0.8165
176,5.867,stop,0.8150,0.0019,0.1687,0.0090,0.0054,0.8150
178,5.933,stop,0.8136,0.0019,0.1700,0.0091,0.0054,0.8136
180,6.0,stop,0.8126,0.0019,0.1710,0.0091,0.0054,0.8126
182,6.067,stop,0.8112,0.0019,0.1723,0.0091,0.0055,0.8112
184,6.133,stop,0.8120,0.0019,0.1714,0.0091,0.0056,0.8120
186,6.2,stop,0.8133,0.0019,0.1701,0.0092,0.0056,0.8133
188,6.267,stop,0.8157,0.0019,0.1677,0.0092,0.0056,0.8157
190,6.333,stop,0.8176,0.0019,0.1657,0.0092,0.0056,0.8176
192,6.4,stop,0.8204,0.0019,0.1629,0.0093,0.0056,0.8204
194,6.467,stop,0.8216,0.0019,0.1616,0.0093,0.0056,0.8216
196,6.533,stop,0.8220,0.0019,0.1614,0.0092,0.0055,0.8220
198,6.6,stop,0.8213,0.0019,0.1621,0.0092,0.0055,0.8213
200,6.667,stop,0.8200,0.0019,0.1634,0.0092,0.0055,0.8200
202,6.733,stop,0.8178,0.0019,0.1657,0.0091,0.0055,0.8178
204,6.8,stop,0.8155,0.0019,0.1680,0.0091,0.0055,0.8155
206,6.867,stop,0.8130,0.0019,0.1705,0.0090,0.0055,0.8130
208,6.933,stop,0.8121,0.0019,0.1715,0.0090,0.0055,0.8121
210,7.0,stop,0.8100,0.0019,0.1738,0.0089,0.0055,0.8100
212,7.067,stop,0.8102,0.0019,0.1735,0.0089,0.0055,0.8102
214,7.133,stop,0.8094,0.0019,0.1744,0.0089,0.0055,0.8094
216,7.2,stop,0.8084,0.0019,0.1752,0.0090,0.0055,0.8084
218,7.267,stop,0.8074,0.0019,0.1760,0.0090,0.0055,0.8074
220,7.333,stop,0.8067,0.0019,0.1768,0.0090,0.0055,0.8067
222,7.4,stop,0.8082,0.0019,0.1753,0.0090,0.0055,0.8082
224,7.467,stop,0.8091,0.0019,0.1745,0.0090,0.0055,0.8091
226,7.533,stop,0.8124,0.0019,0.1712,0.0090,0.0056,0.8124
228,7.6,stop,0.8136,0.0018,0.1701,0.0089,0.0056,0.8136
230,7.667,stop,0.8135,0.0018,0.1702,0.0088,0.0056,0.8135
232,7.733,stop,0.8146,0.0018,0.1691,0.0088,0.0056,0.8146
234,7.8,stop,0.8122,0.0018,0.1716,0.0088,0.0056,0.8122
236,7.867,stop,0.8107,0.0019,0.1730,0.0089,0.0056,0.8107
238,7.933,stop,0.8082,0.0019,0.1755,0.0089,0.0055,0.8082
240,8.0,stop,0.8063,0.0019,0.1773,0.0089,0.0055,0.8063
242,8.067,stop,0.8044,0.0019,0.1792,0.0089,0.0055,0.8044
244,8.133,stop,0.8047,0.0019,0.1789,0.0090,0.0056,0.8047
246,8.2,stop,0.8058,0.0019,0.1777,0.0090,0.0056,0.8058
248,8.267,stop,0.8052,0.0019,0.1784,0.0089,0.0056,0.8052
250,8.333,stop,0.8081,0.0019,0.1755,0.0090,0.0056,0.8081
252,8.4,stop,0.8098,0.0019,0.1737,0.0090,0.0056,0.8098
254,8.467,stop,0.8114,0.0019,0.1720,0.0091,0.0057,0.8114
256,8.533,stop,0.8121,0.0018,0.1715,0.0090,0.0056,0.8121
258,8.6,stop,0.8128,0.0018,0.1708,0.0090,0.0056,0.8128
260,8.667,stop,0.8138,0.0019,0.1698,0.0090,0.0056,0.8138
262,8.733,stop,0.8160,0.0019,0.1675,0.0092,0.0055,0.8160
264,8.8,stop,0.8178,0.0019,0.1656,0.0093,0.0054,0.8178
266,8.867,stop,0.8184,0.0020,0.1649,0.0094,0.0054,0.8184
268,8.933,stop,0.8191,0.0020,0.1642,0.0094,0.0054,0.8191
270,9.0,stop,0.8183,0.0020,0.1650,0.0094,0.0054,0.8183
272,9.067,stop,0.8183,0.0020,0.1650,0.0094,0.0054,0.8183
274,9.133,stop,0.8175,0.0020,0.1659,0.0093,0.0054,0.8175
276,9.2,stop,0.8173,0.0020,0.1660,0.0093,0.0055,0.8173
278,9.267,stop,0.8140,0.0020,0.1693,0.0092,0.0055,0.8140
280,9.333,stop,0.8124,0.0020,0.1710,0.0091,0.0055,0.8124
282,9.4,stop,0.8096,0.0020,0.1738,0.0091,0.0055,0.8096
284,9.467,stop,0.8071,0.0020,0.1764,0.0090,0.0056,0.8071
16,0.533,stop,0.9524,0.0054,0.0049,0.0049,0.0324,0.9524
18,0.6,stop,0.9517,0.0053,0.0048,0.0049,0.0333,0.9517
20,0.667,stop,0.9546,0.0053,0.0046,0.0047,0.0307,0.9546
22,0.733,stop,0.9587,0.0050,0.0044,0.0049,0.0270,0.9587
24,0.8,stop,0.9671,0.0043,0.0039,0.0044,0.0203,0.9671
26,0.867,stop,0.9675,0.0044,0.0039,0.0044,0.0198,0.9675
28,0.933,stop,0.9676,0.0047,0.0040,0.0046,0.0190,0.9676
30,1.0,stop,0.9674,0.0054,0.0041,0.0049,0.0183,0.9674
32,1.067,stop,0.9673,0.0057,0.0041,0.0051,0.0178,0.9673
34,1.133,stop,0.9672,0.0061,0.0042,0.0052,0.0173,0.9672
36,1.2,stop,0.9668,0.0063,0.0043,0.0053,0.0173,0.9668
38,1.267,stop,0.9666,0.0064,0.0043,0.0053,0.0174,0.9666
40,1.333,stop,0.9666,0.0064,0.0043,0.0053,0.0174,0.9666
42,1.4,stop,0.9666,0.0063,0.0043,0.0052,0.0177,0.9666
44,1.467,stop,0.9661,0.0066,0.0044,0.0053,0.0176,0.9661
46,1.533,stop,0.9654,0.0072,0.0044,0.0056,0.0175,0.9654
48,1.6,stop,0.9651,0.0071,0.0044,0.0056,0.0177,0.9651
50,1.667,stop,0.9651,0.0069,0.0043,0.0056,0.0181,0.9651
52,1.733,stop,0.9649,0.0068,0.0043,0.0055,0.0185,0.9649
54,1.8,stop,0.9645,0.0068,0.0043,0.0055,0.0189,0.9645
56,1.867,stop,0.9642,0.0067,0.0042,0.0054,0.0194,0.9642
58,1.933,stop,0.9634,0.0068,0.0043,0.0054,0.0201,0.9634
60,2.0,stop,0.9620,0.0072,0.0044,0.0054,0.0210,0.9620
62,2.067,stop,0.9604,0.0083,0.0045,0.0057,0.0211,0.9604
64,2.133,stop,0.9598,0.0087,0.0046,0.0057,0.0212,0.9598
66,2.2,stop,0.9607,0.0081,0.0045,0.0056,0.0211,0.9607
68,2.267,stop,0.9611,0.0081,0.0045,0.0056,0.0206,0.9611
70,2.333,stop,0.9622,0.0079,0.0045,0.0055,0.0199,0.9622
72,2.4,stop,0.9628,0.0078,0.0044,0.0055,0.0195,0.9628
74,2.467,stop,0.9634,0.0076,0.0044,0.0054,0.0191,0.9634
76,2.533,stop,0.9642,0.0074,0.0043,0.0054,0.0187,0.9642
78,2.6,stop,0.9645,0.0074,0.0043,0.0054,0.0184,0.9645
80,2.667,stop,0.9651,0.0070,0.0043,0.0053,0.0183,0.9651
82,2.733,stop,0.9655,0.0067,0.0042,0.0052,0.0185,0.9655
84,2.8,stop,0.9655,0.0064,0.0042,0.0051,0.0188,0.9655
86,2.867,stop,0.9653,0.0063,0.0042,0.0050,0.0191,0.9653
88,2.933,stop,0.9651,0.0064,0.0042,0.0051,0.0192,0.9651
90,3.0,stop,0.9641,0.0066,0.0043,0.0053,0.0197,0.9641
16,0.533,stop,0.9905,0.0004,0.0025,0.0028,0.0038,0.9905
18,0.6,stop,0.9908,0.0004,0.0025,0.0027,0.0037,0.9908
20,0.667,stop,0.9919,0.0004,0.0022,0.0023,0.0033,0.9919
22,0.733,stop,0.9925,0.0003,0.0022,0.0023,0.0027,0.9925
24,0.8,stop,0.9923,0.0003,0.0022,0.0022,0.0029,0.9923
26,0.867,stop,0.9920,0.0004,0.0023,0.0022,0.0031,0.9920
28,0.933,stop,0.9906,0.0004,0.0026,0.0024,0.0039,0.9906
30,1.0,stop,0.9882,0.0006,0.0032,0.0027,0.0053,0.9882
32,1.067,stop,0.9871,0.0007,0.0037,0.0027,0.0059,0.9871
34,1.133,stop,0.9863,0.0008,0.0040,0.0025,0.0063,0.9863
36,1.2,stop,0.9857,0.0010,0.0043,0.0024,0.0066,0.9857
38,1.267,stop,0.9858,0.0011,0.0046,0.0023,0.0063,0.9858
40,1.333,stop,0.9859,0.0012,0.0047,0.0022,0.0060,0.9859
42,1.4,stop,0.9881,0.0011,0.0042,0.0018,0.0048,0.9881
44,1.467,stop,0.9905,0.0009,0.0037,0.0014,0.0034,0.9905
46,1.533,stop,0.9908,0.0009,0.0036,0.0015,0.0032,0.9908
48,1.6,stop,0.9908,0.0009,0.0037,0.0015,0.0031,0.9908
50,1.667,stop,0.9906,0.0010,0.0037,0.0016,0.0031,0.9906
52,1.733,stop,0.9902,0.0011,0.0039,0.0017,0.0031,0.9902
54,1.8,stop,0.9903,0.0011,0.0039,0.0017,0.0030,0.9903
56,1.867,stop,0.9899,0.0012,0.0040,0.0019,0.0030,0.9899
58,1.933,stop,0.9891,0.0013,0.0042,0.0020,0.0034,0.9891
60,2.0,stop,0.9873,0.0013,0.0045,0.0021,0.0047,0.9873
62,2.067,stop,0.9863,0.0013,0.0048,0.0021,0.0055,0.9863
64,2.133,stop,0.9860,0.0012,0.0048,0.0021,0.0058,0.9860
66,2.2,stop,0.9859,0.0012,0.0048,0.0021,0.0060,0.9859
68,2.267,stop,0.9860,0.0012,0.0048,0.0021,0.0059,0.9860
70,2.333,stop,0.9860,0.0012,0.0048,0.0022,0.0058,0.9860
72,2.4,stop,0.9866,0.0013,0.0047,0.0022,0.0052,0.9866
74,2.467,stop,0.9896,0.0012,0.0041,0.0020,0.0031,0.9896
76,2.533,stop,0.9896,0.0011,0.0042,0.0020,0.0031,0.9896
78,2.6,stop,0.9897,0.0011,0.0042,0.0019,0.0031,0.9897
80,2.667,stop,0.9898,0.0011,0.0042,0.0018,0.0031,0.9898
82,2.733,stop,0.9898,0.0011,0.0042,0.0018,0.0032,0.9898
84,2.8,stop,0.9900,0.0010,0.0041,0.0017,0.0032,0.9900
86,2.867,stop,0.9898,0.0010,0.0042,0.0018,0.0032,0.9898
88,2.933,stop,0.9897,0.0011,0.0043,0.0018,0.0031,0.9897
90,3.0,stop,0.9896,0.0011,0.0044,0.0018,0.0032,0.9896
92,3.067,stop,0.9894,0.0011,0.0044,0.0018,0.0033,0.9894
94,3.133,stop,0.9891,0.0012,0.0045,0.0018,0.0035,0.9891
96,3.2,stop,0.9889,0.0011,0.0045,0.0017,0.0037,0.9889
98,3.267,stop,0.9893,0.0010,0.0044,0.0016,0.0037,0.9893
100,3.333,stop,0.9894,0.0010,0.0044,0.0015,0.0037,0.9894
102,3.4,stop,0.9896,0.0010,0.0042,0.0015,0.0037,0.9896
104,3.467,stop,0.9897,0.0010,0.0041,0.0015,0.0036,0.9897
106,3.533,stop,0.9901,0.0009,0.0039,0.0016,0.0034,0.9901
108,3.6,stop,0.9902,0.0009,0.0038,0.0016,0.0035,0.9902
110,3.667,stop,0.9908,0.0008,0.0036,0.0016,0.0033,0.9908
112,3.733,stop,0.9911,0.0008,0.0034,0.0016,0.0032,0.9911
114,3.8,stop,0.9916,0.0007,0.0032,0.0015,0.0030,0.9916
116,3.867,stop,0.9921,0.0006,0.0030,0.0014,0.0029,0.9921
118,3.933,stop,0.9923,0.0006,0.0029,0.0014,0.0029,0.9923
120,4.0,stop,0.9903,0.0008,0.0033,0.0018,0.0037,0.9903
122,4.067,stop,0.9889,0.0009,0.0037,0.0021,0.0044,0.9889
124,4.133,stop,0.9879,0.0010,0.0039,0.0022,0.0050,0.9879
126,4.2,stop,0.9874,0.0010,0.0040,0.0022,0.0053,0.9874
128,4.267,stop,0.9873,0.0010,0.0041,0.0022,0.0054,0.9873
130,4.333,stop,0.9873,0.0010,0.0041,0.0022,0.0056,0.9873
132,4.4,stop,0.9884,0.0008,0.0038,0.0019,0.0051,0.9884
134,4.467,stop,0.9909,0.0007,0.0032,0.0015,0.0038,0.9909
136,4.533,stop,0.9921,0.0006,0.0029,0.0015,0.0028,0.9921
138,4.6,stop,0.9921,0.0006,0.0029,0.0015,0.0028,0.9921
140,4.667,stop,0.9921,0.0006,0.0030,0.0015,0.0028,0.9921
142,4.733,stop,0.9920,0.0006,0.0030,0.0015,0.0029,0.9920
144,4.8,stop,0.9917,0.0006,0.0031,0.0015,0.0031,0.9917
146,4.867,stop,0.9915,0.0007,0.0032,0.0015,0.0032,0.9915
148,4.933,stop,0.9899,0.0008,0.0035,0.0017,0.0041,0.9899
150,5.0,stop,0.9867,0.0010,0.0043,0.0021,0.0059,0.9867
152,5.067,stop,0.9841,0.0014,0.0051,0.0024,0.0070,0.9841
154,5.133,stop,0.9817,0.0017,0.0058,0.0027,0.0081,0.9817
156,5.2,stop,0.9661,0.0026,0.0078,0.0037,0.0199,0.9661
158,5.267,stop,0.9390,0.0037,0.0102,0.0047,0.0424,0.9390
160,5.333,stop,0.9216,0.0043,0.0118,0.0050,0.0572,0.9216
162,5.4,stop,0.9287,0.0042,0.0121,0.0046,0.0503,0.9287
164,5.467,stop,0.9502,0.0040,0.0116,0.0040,0.0302,0.9502
166,5.533,stop,0.9511,0.0043,0.0118,0.0039,0.0289,0.9511
168,5.6,stop,0.9572,0.0045,0.0115,0.0037,0.0231,0.9572
170,5.667,stop,0.9669,0.0042,0.0109,0.0032,0.0148,0.9669
172,5.733,stop,0.9809,0.0032,0.0089,0.0025,0.0045,0.9809
174,5.8,stop,0.9797,0.0034,0.0095,0.0027,0.0047,0.9797
176,5.867,stop,0.9786,0.0035,0.0102,0.0027,0.0049,0.9786
178,5.933,stop,0.9781,0.0038,0.0106,0.0028,0.0048,0.9781
180,6.0,stop,0.9777,0.0040,0.0108,0.0028,0.0047,0.9777
182,6.067,stop,0.9772,0.0041,0.0111,0.0028,0.0048,0.9772
184,6.133,stop,0.9773,0.0042,0.0110,0.0028,0.0046,0.9773
186,6.2,stop,0.9771,0.0043,0.0110,0.0028,0.0047,0.9771
188,6.267,stop,0.9769,0.0045,0.0110,0.0029,0.0047,0.9769
190,6.333,stop,0.9770,0.0044,0.0109,0.0029,0.0048,0.9770
192,6.4,stop,0.9771,0.0043,0.0108,0.0028,0.0050,0.9771
194,6.467,stop,0.9776,0.0041,0.0106,0.0028,0.0050,0.9776
196,6.533,stop,0.9780,0.0038,0.0104,0.0026,0.0051,0.9780
198,6.6,stop,0.9783,0.0037,0.0103,0.0025,0.0052,0.9783
200,6.667,stop,0.9786,0.0036,0.0102,0.0025,0.0050,0.9786
202,6.733,stop,0.9786,0.0037,0.0102,0.0026,0.0049,0.9786
204,6.8,stop,0.9784,0.0039,0.0102,0.0027,0.0048,0.9784
206,6.867,stop,0.9783,0.0041,0.0101,0.0028,0.0046,0.9783
208,6.933,stop,0.9774,0.0045,0.0103,0.0031,0.0047,0.9774
210,7.0,stop,0.9767,0.0046,0.0107,0.0032,0.0048,0.9767
212,7.067,stop,0.9767,0.0044,0.0108,0.0031,0.0050,0.9767
214,7.133,stop,0.9767,0.0044,0.0108,0.0030,0.0051,0.9767
216,7.2,stop,0.9770,0.0042,0.0107,0.0029,0.0052,0.9770
218,7.267,stop,0.9778,0.0039,0.0104,0.0027,0.0052,0.9778
220,7.333,stop,0.9778,0.0038,0.0103,0.0026,0.0055,0.9778
222,7.4,stop,0.9788,0.0036,0.0099,0.0024,0.0052,0.9788
224,7.467,stop,0.9789,0.0035,0.0097,0.0024,0.0054,0.9789
226,7.533,stop,0.9790,0.0036,0.0096,0.0025,0.0053,0.9790
228,7.6,stop,0.9790,0.0038,0.0094,0.0026,0.0053,0.9790
