frame,time,pred_class,conf,prob_walk,prob_lick,prob_scratch,prob_shake,prob_stop
16,0.533,stop,0.9908,0.0039,0.0027,0.0015,0.0011,0.9908
18,0.6,stop,0.9922,0.0032,0.0022,0.0014,0.0010,0.9922
20,0.667,stop,0.9930,0.0029,0.0018,0.0014,0.0009,0.9930
22,0.733,stop,0.9933,0.0026,0.0017,0.0014,0.0009,0.9933
24,0.8,stop,0.9934,0.0026,0.0017,0.0014,0.0009,0.9934
26,0.867,stop,0.9932,0.0029,0.0016,0.0015,0.0008,0.9932
28,0.933,stop,0.9938,0.0025,0.0015,0.0014,0.0008,0.9938
30,1.0,stop,0.9940,0.0022,0.0016,0.0013,0.0008,0.9940
32,1.067,stop,0.9940,0.0022,0.0017,0.0013,0.0008,0.9940
34,1.133,stop,0.9936,0.0024,0.0017,0.0014,0.0008,0.9936
36,1.2,stop,0.9934,0.0026,0.0017,0.0015,0.0009,0.9934
38,1.267,stop,0.9932,0.0026,0.0017,0.0015,0.0010,0.9932
40,1.333,stop,0.9917,0.0026,0.0020,0.0018,0.0019,0.9917
42,1.4,stop,0.9892,0.0033,0.0024,0.0021,0.0030,0.9892
44,1.467,stop,0.9861,0.0038,0.0027,0.0024,0.0050,0.9861
46,1.533,stop,0.9828,0.0044,0.0032,0.0027,0.0070,0.9828
48,1.6,stop,0.9791,0.0050,0.0037,0.0028,0.0094,0.9791
50,1.667,stop,0.9729,0.0066,0.0045,0.0030,0.0129,0.9729
52,1.733,stop,0.9646,0.0094,0.0052,0.0036,0.0172,0.9646
54,1.8,stop,0.9680,0.0106,0.0048,0.0038,0.0128,0.9680
56,1.867,stop,0.9647,0.0145,0.0051,0.0041,0.0115,0.9647
58,1.933,stop,0.9619,0.0190,0.0055,0.0040,0.0096,0.9619
60,2.0,stop,0.9532,0.0244,0.0064,0.0042,0.0117,0.9532
62,2.067,stop,0.9483,0.0267,0.0070,0.0042,0.0137,0.9483
64,2.133,stop,0.9452,0.0279,0.0076,0.0039,0.0154,0.9452
66,2.2,stop,0.9477,0.0240,0.0079,0.0035,0.0168,0.9477
68,2.267,stop,0.9551,0.0191,0.0077,0.0031,0.0151,0.9551
70,2.333,stop,0.9607,0.0133,0.0073,0.0025,0.0161,0.9607
72,2.4,stop,0.9638,0.0103,0.0069,0.0024,0.0167,0.9638
74,2.467,stop,0.9642,0.0100,0.0071,0.0023,0.0164,0.9642
76,2.533,stop,0.9633,0.0111,0.0072,0.0024,0.0159,0.9633
78,2.6,stop,0.9583,0.0180,0.0072,0.0028,0.0137,0.9583
80,2.667,stop,0.9425,0.0349,0.0072,0.0034,0.0119,0.9425
82,2.733,stop,0.9254,0.0529,0.0070,0.0038,0.0109,0.9254
84,2.8,stop,0.9077,0.0730,0.0068,0.0042,0.0083,0.9077
86,2.867,stop,0.8960,0.0849,0.0066,0.0044,0.0081,0.8960
88,2.933,stop,0.9055,0.0756,0.0064,0.0043,0.0082,0.9055
90,3.0,stop,0.9426,0.0395,0.0062,0.0033,0.0083,0.9426
92,3.067,stop,0.9609,0.0217,0.0061,0.0027,0.0087,0.9609
94,3.133,stop,0.9670,0.0155,0.0061,0.0023,0.0091,0.9670
96,3.2,stop,0.9689,0.0134,0.0060,0.0022,0.0095,0.9689
98,3.267,stop,0.9699,0.0120,0.0061,0.0021,0.0098,0.9699
100,3.333,stop,0.9705,0.0113,0.0061,0.0021,0.0101,0.9705
102,3.4,stop,0.9701,0.0117,0.0061,0.0021,0.0099,0.9701
104,3.467,stop,0.9694,0.0120,0.0062,0.0022,0.0102,0.9694
106,3.533,stop,0.9687,0.0124,0.0063,0.0022,0.0103,0.9687
108,3.6,stop,0.9681,0.0132,0.0063,0.0023,0.0102,0.9681
110,3.667,stop,0.9681,0.0133,0.0062,0.0023,0.0101,0.9681
112,3.733,stop,0.9681,0.0130,0.0063,0.0023,0.0103,0.9681
114,3.8,stop,0.9691,0.0119,0.0063,0.0023,0.0105,0.9691
116,3.867,stop,0.9698,0.0111,0.0063,0.0022,0.0106,0.9698
118,3.933,stop,0.9695,0.0114,0.0064,0.0023,0.0104,0.9695
120,4.0,stop,0.9689,0.0119,0.0065,0.0023,0.0104,0.9689
122,4.067,stop,0.9678,0.0129,0.0065,0.0024,0.0103,0.9678
124,4.133,stop,0.9656,0.0148,0.0068,0.0025,0.0102,0.9656
126,4.2,stop,0.9497,0.0301,0.0077,0.0031,0.0094,0.9497
128,4.267,stop,0.9365,0.0414,0.0086,0.0036,0.0100,0.9365
130,4.333,stop,0.9232,0.0522,0.0084,0.0045,0.0116,0.9232
132,4.4,stop,0.9215,0.0519,0.0086,0.0048,0.0132,0.9215
134,4.467,stop,0.8411,0.1299,0.0085,0.0068,0.0137,0.8411
136,4.533,stop,0.8656,0.0985,0.0086,0.0070,0.0204,0.8656
138,4.6,stop,0.8899,0.0649,0.0084,0.0067,0.0301,0.8899
140,4.667,stop,0.8965,0.0287,0.0083,0.0057,0.0608,0.8965
142,4.733,stop,0.8601,0.0315,0.0088,0.0062,0.0934,0.8601
144,4.8,stop,0.7220,0.0230,0.0104,0.0057,0.2389,0.7220
146,4.867,stop,0.6478,0.0199,0.0108,0.0053,0.3162,0.6478
148,4.933,stop,0.6382,0.0177,0.0113,0.0049,0.3278,0.6382
150,5.0,stop,0.8154,0.0149,0.0101,0.0047,0.1550,0.8154
152,5.067,stop,0.8676,0.0131,0.0089,0.0050,0.1053,0.8676
154,5.133,stop,0.9396,0.0094,0.0072,0.0043,0.0396,0.9396
156,5.2,stop,0.9691,0.0069,0.0055,0.0038,0.0148,0.9691
158,5.267,stop,0.9905,0.0023,0.0028,0.0020,0.0025,0.9905
160,5.333,stop,0.9929,0.0016,0.0020,0.0019,0.0016,0.9929
162,5.4,stop,0.9936,0.0014,0.0018,0.0019,0.0013,0.9936
164,5.467,stop,0.9941,0.0012,0.0016,0.0019,0.0012,0.9941
166,5.533,stop,0.9940,0.0013,0.0016,0.0021,0.0012,0.9940
168,5.6,stop,0.9944,0.0012,0.0013,0.0021,0.0010,0.9944
170,5.667,stop,0.9947,0.0011,0.0013,0.0020,0.0009,0.9947
172,5.733,stop,0.9946,0.0012,0.0013,0.0021,0.0009,0.9946
174,5.8,stop,0.9948,0.0010,0.0013,0.0020,0.0009,0.9948
176,5.867,stop,0.9948,0.0011,0.0012,0.0020,0.0009,0.9948
178,5.933,stop,0.9948,0.0011,0.0012,0.0020,0.0009,0.9948
180,6.0,stop,0.9950,0.0010,0.0011,0.0020,0.0009,0.9950
182,6.067,stop,0.9953,0.0009,0.0011,0.0019,0.0009,0.9953
184,6.133,stop,0.9954,0.0009,0.0010,0.0018,0.0009,0.9954
186,6.2,stop,0.9955,0.0008,0.0010,0.0018,0.0009,0.9955
188,6.267,stop,0.9955,0.0008,0.0010,0.0017,0.0009,0.9955
190,6.333,stop,0.9957,0.0008,0.0010,0.0016,0.0009,0.9957
192,6.4,stop,0.9955,0.0009,0.0010,0.0017,0.0009,0.9955
194,6.467,stop,0.9956,0.0009,0.0010,0.0016,0.0009,0.9956
196,6.533,stop,0.9957,0.0008,0.0010,0.0016,0.0010,0.9957
198,6.6,stop,0.9958,0.0008,0.0010,0.0015,0.0010,0.9958
200,6.667,stop,0.9958,0.0008,0.0010,0.0015,0.0010,0.9958
202,6.733,stop,0.9957,0.0008,0.0010,0.0015,0.0010,0.9957
204,6.8,stop,0.9950,0.0010,0.0011,0.0018,0.0012,0.9950
206,6.867,stop,0.9940,0.0013,0.0011,0.0021,0.0014,0.9940
208,6.933,stop,0.9930,0.0015,0.0013,0.0024,0.0018,0.9930
210,7.0,stop,0.9923,0.0017,0.0014,0.0025,0.0021,0.9923
212,7.067,stop,0.9927,0.0014,0.0014,0.0023,0.0022,0.9927
214,7.133,stop,0.9916,0.0015,0.0016,0.0025,0.0028,0.9916
216,7.2,stop,0.9905,0.0016,0.0017,0.0026,0.0035,0.9905
218,7.267,stop,0.9907,0.0014,0.0018,0.0024,0.0037,0.9907
220,7.333,stop,0.9933,0.0013,0.0015,0.0017,0.0022,0.9933
222,7.4,stop,0.9927,0.0016,0.0016,0.0019,0.0023,0.9927
224,7.467,stop,0.9935,0.0015,0.0014,0.0018,0.0018,0.9935
226,7.533,stop,0.9936,0.0014,0.0014,0.0017,0.0018,0.9936
228,7.6,stop,0.9938,0.0017,0.0014,0.0016,0.0015,0.9938
230,7.667,stop,0.9949,0.0014,0.0012,0.0014,0.0011,0.9949
232,7.733,stop,0.9949,0.0014,0.0012,0.0014,0.0011,0.9949
234,7.8,stop,0.9943,0.0017,0.0013,0.0015,0.0012,0.9943
236,7.867,stop,0.9931,0.0021,0.0015,0.0017,0.0016,0.9931
238,7.933,stop,0.9906,0.0026,0.0019,0.0020,0.0029,0.9906
240,8.0,stop,0.9868,0.0032,0.0025,0.0023,0.0052,0.9868
242,8.067,stop,0.9834,0.0037,0.0031,0.0023,0.0074,0.9834
244,8.133,stop,0.9779,0.0048,0.0039,0.0025,0.0109,0.9779
246,8.2,stop,0.9656,0.0078,0.0053,0.0031,0.0183,0.9656
248,8.267,stop,0.9529,0.0121,0.0065,0.0033,0.0252,0.9529
250,8.333,stop,0.9478,0.0188,0.0069,0.0033,0.0232,0.9478
252,8.4,stop,0.9508,0.0221,0.0062,0.0033,0.0176,0.9508
254,8.467,stop,0.9572,0.0210,0.0055,0.0032,0.0130,0.9572
256,8.533,stop,0.9550,0.0208,0.0054,0.0036,0.0152,0.9550
258,8.6,stop,0.9639,0.0132,0.0048,0.0034,0.0148,0.9639
260,8.667,stop,0.9743,0.0071,0.0040,0.0026,0.0119,0.9743
262,8.733,stop,0.9786,0.0050,0.0035,0.0023,0.0105,0.9786
264,8.8,stop,0.9731,0.0047,0.0039,0.0025,0.0158,0.9731
266,8.867,stop,0.9664,0.0050,0.0044,0.0027,0.0215,0.9664
268,8.933,stop,0.9632,0.0050,0.0048,0.0026,0.0244,0.9632
270,9.0,stop,0.9673,0.0060,0.0048,0.0024,0.0195,0.9673
272,9.067,stop,0.9671,0.0073,0.0051,0.0025,0.0181,0.9671
274,9.133,stop,0.9659,0.0095,0.0053,0.0026,0.0167,0.9659
276,9.2,stop,0.9648,0.0119,0.0053,0.0028,0.0152,0.9648
278,9.267,stop,0.9718,0.0126,0.0047,0.0024,0.0085,0.9718
280,9.333,stop,0.9730,0.0121,0.0046,0.0023,0.0080,0.9730
282,9.4,stop,0.9727,0.0120,0.0047,0.0022,0.0083,0.9727
284,9.467,stop,0.9711,0.0120,0.0050,0.0022,0.0097,0.9711
286,9.533,stop,0.9651,0.0123,0.0057,0.0023,0.0146,0.9651
288,9.6,stop,0.9587,0.0145,0.0063,0.0024,0.0181,0.9587
290,9.667,stop,0.9410,0.0216,0.0079,0.0028,0.0267,0.9410
292,9.733,stop,0.9189,0.0355,0.0094,0.0031,0.0331,0.9189
294,9.8,stop,0.9019,0.0409,0.0108,0.0032,0.0433,0.9019
296,9.867,stop,0.8685,0.0654,0.0130,0.0035,0.0496,0.8685
298,9.933,stop,0.7034,0.2365,0.0130,0.0050,0.0421,0.7034
300,10.0,stop,0.7669,0.1622,0.0150,0.0048,0.0511,0.7669
302,10.067,stop,0.7515,0.1593,0.0166,0.0049,0.0676,0.7515
304,10.133,stop,0.7811,0.1340,0.0174,0.0045,0.0630,0.7811
306,10.2,stop,0.7927,0.1230,0.0177,0.0047,0.0620,0.7927
308,10.267,stop,0.8309,0.0972,0.0146,0.0047,0.0526,0.8309
310,10.333,stop,0.8854,0.0546,0.0120,0.0039,0.0441,0.8854
312,10.4,stop,0.8858,0.0772,0.0097,0.0032,0.0241,0.8858
314,10.467,stop,0.8745,0.0923,0.0084,0.0036,0.0213,0.8745
316,10.533,stop,0.8013,0.1592,0.0092,0.0044,0.0259,0.8013
318,10.6,stop,0.7822,0.1697,0.0103,0.0047,0.0332,0.7822
320,10.667,stop,0.7882,0.1568,0.0108,0.0048,0.0394,0.7882
322,10.733,stop,0.8369,0.1014,0.0119,0.0040,0.0458,0.8369
324,10.8,shake,0.9728,0.0034,0.0015,0.0031,0.9728,0.0192
326,10.867,shake,0.9779,0.0023,0.0013,0.0027,0.9779,0.0159
328,10.933,shake,0.9820,0.0016,0.0010,0.0023,0.9820,0.0130
330,11.0,shake,0.9746,0.0021,0.0013,0.0026,0.9746,0.0194
332,11.067,shake,0.9741,0.0020,0.0013,0.0027,0.9741,0.0198
334,11.133,shake,0.9776,0.0019,0.0012,0.0025,0.9776,0.0168
336,11.2,shake,0.9742,0.0020,0.0014,0.0025,0.9742,0.0199
338,11.267,shake,0.9573,0.0026,0.0023,0.0028,0.9573,0.0350
340,11.333,shake,0.9507,0.0027,0.0025,0.0028,0.9507,0.0412
342,11.4,shake,0.9435,0.0026,0.0028,0.0028,0.9435,0.0483
344,11.467,shake,0.9322,0.0026,0.0031,0.0032,0.9322,0.0588
346,11.533,stop,0.9518,0.0214,0.0072,0.0018,0.0178,0.9518
348,11.6,stop,0.9579,0.0179,0.0069,0.0018,0.0156,0.9579
350,11.667,stop,0.9620,0.0148,0.0063,0.0017,0.0151,0.9620
352,11.733,stop,0.9639,0.0142,0.0060,0.0018,0.0142,0.9639
354,11.8,stop,0.9621,0.0167,0.0058,0.0020,0.0134,0.9621
356,11.867,stop,0.9595,0.0186,0.0058,0.0021,0.0141,0.9595
358,11.933,stop,0.9580,0.0196,0.0058,0.0022,0.0144,0.9580
360,12.0,stop,0.9538,0.0245,0.0058,0.0024,0.0136,0.9538
362,12.067,stop,0.9464,0.0315,0.0059,0.0026,0.0136,0.9464
364,12.133,stop,0.9343,0.0442,0.0061,0.0029,0.0125,0.9343
366,12.2,stop,0.9349,0.0426,0.0064,0.0028,0.0133,0.9349
368,12.267,stop,0.9427,0.0335,0.0068,0.0026,0.0144,0.9427
370,12.333,stop,0.9433,0.0321,0.0072,0.0025,0.0149,0.9433
372,12.4,stop,0.9464,0.0276,0.0074,0.0024,0.0161,0.9464
374,12.467,shake,0.9183,0.0031,0.0039,0.0046,0.9183,0.0702
376,12.533,shake,0.9174,0.0026,0.0039,0.0042,0.9174,0.0719
378,12.6,shake,0.9111,0.0028,0.0042,0.0043,0.9111,0.0776
380,12.667,shake,0.9100,0.0033,0.0044,0.0045,0.9100,0.0778
382,12.733,shake,0.9023,0.0041,0.0048,0.0050,0.9023,0.0837
384,12.8,shake,0.8898,0.0051,0.0054,0.0056,0.8898,0.0941
386,12.867,shake,0.8907,0.0052,0.0054,0.0056,0.8907,0.0932
388,12.933,shake,0.8950,0.0048,0.0052,0.0053,0.8950,0.0896
390,13.0,shake,0.8971,0.0045,0.0051,0.0051,0.8971,0.0882
392,13.067,shake,0.8982,0.0043,0.0051,0.0050,0.8982,0.0874
394,13.133,shake,0.9005,0.0040,0.0049,0.0049,0.9005,0.0857
396,13.2,shake,0.8974,0.0044,0.0050,0.0051,0.8974,0.0881
16,0.533,stop,0.9942,0.0007,0.0030,0.0013,0.0007,0.9942
18,0.6,stop,0.9943,0.0007,0.0029,0.0014,0.0007,0.9943
20,0.667,stop,0.9940,0.0008,0.0031,0.0015,0.0007,0.9940
22,0.733,stop,0.9939,0.0008,0.0031,0.0016,0.0007,0.9939
24,0.8,stop,0.9941,0.0007,0.0030,0.0016,0.0007,0.9941
26,0.867,stop,0.9941,0.0007,0.0030,0.0016,0.0007,0.9941
28,0.933,stop,0.9943,0.0007,0.0029,0.0015,0.0007,0.9943
30,1.0,stop,0.9944,0.0007,0.0029,0.0015,0.0007,0.9944
32,1.067,stop,0.9944,0.0006,0.0029,0.0014,0.0007,0.9944
34,1.133,stop,0.9946,0.0006,0.0028,0.0013,0.0007,0.9946
36,1.2,stop,0.9947,0.0006,0.0028,0.0013,0.0007,0.9947
38,1.267,stop,0.9943,0.0007,0.0030,0.0014,0.0007,0.9943
40,1.333,stop,0.9940,0.0007,0.0031,0.0015,0.0007,0.9940
42,1.4,stop,0.9939,0.0008,0.0032,0.0015,0.0007,0.9939
44,1.467,stop,0.9938,0.0008,0.0032,0.0016,0.0007,0.9938
46,1.533,stop,0.9939,0.0007,0.0031,0.0016,0.0007,0.9939
48,1.6,stop,0.9941,0.0007,0.0030,0.0016,0.0007,0.9941
50,1.667,stop,0.9941,0.0007,0.0030,0.0016,0.0006,0.9941
52,1.733,stop,0.9942,0.0007,0.0029,0.0015,0.0006,0.9942
54,1.8,stop,0.9942,0.0007,0.0030,0.0015,0.0007,0.9942
56,1.867,stop,0.9937,0.0007,0.0032,0.0016,0.0007,0.9937
58,1.933,stop,0.9931,0.0008,0.0034,0.0018,0.0008,0.9931
60,2.0,stop,0.9922,0.0009,0.0039,0.0021,0.0010,0.9922
62,2.067,stop,0.9914,0.0010,0.0043,0.0023,0.0011,0.9914
64,2.133,stop,0.9905,0.0011,0.0047,0.0026,0.0012,0.9905
66,2.2,stop,0.9896,0.0012,0.0052,0.0028,0.0013,0.9896
68,2.267,stop,0.9891,0.0013,0.0052,0.0031,0.0013,0.9891
70,2.333,stop,0.9892,0.0013,0.0052,0.0031,0.0012,0.9892
72,2.4,stop,0.9890,0.0015,0.0054,0.0031,0.0011,0.9890
74,2.467,stop,0.9889,0.0017,0.0054,0.0031,0.0010,0.9889
76,2.533,stop,0.9887,0.0018,0.0054,0.0031,0.0010,0.9887
78,2.6,stop,0.9893,0.0017,0.0052,0.0029,0.0010,0.9893
80,2.667,stop,0.9889,0.0017,0.0055,0.0028,0.0010,0.9889
82,2.733,stop,0.9884,0.0018,0.0059,0.0028,0.0011,0.9884
84,2.8,stop,0.9880,0.0018,0.0064,0.0026,0.0012,0.9880
86,2.867,stop,0.9879,0.0017,0.0066,0.0025,0.0013,0.9879
88,2.933,stop,0.9878,0.0017,0.0067,0.0024,0.0013,0.9878
90,3.0,stop,0.9874,0.0018,0.0070,0.0025,0.0014,0.9874
92,3.067,stop,0.9871,0.0018,0.0071,0.0026,0.0014,0.9871
94,3.133,stop,0.9878,0.0016,0.0066,0.0025,0.0014,0.9878
96,3.2,stop,0.9885,0.0015,0.0062,0.0025,0.0013,0.9885
98,3.267,stop,0.9895,0.0014,0.0055,0.0024,0.0012,0.9895
100,3.333,stop,0.9897,0.0013,0.0053,0.0024,0.0013,0.9897
102,3.4,stop,0.9901,0.0012,0.0051,0.0024,0.0012,0.9901
104,3.467,stop,0.9903,0.0012,0.0049,0.0023,0.0012,0.9903
106,3.533,stop,0.9907,0.0011,0.0046,0.0024,0.0012,0.9907
108,3.6,stop,0.9904,0.0011,0.0043,0.0028,0.0014,0.9904
110,3.667,stop,0.9902,0.0012,0.0042,0.0031,0.0015,0.9902
112,3.733,stop,0.9898,0.0012,0.0040,0.0034,0.0015,0.9898
114,3.8,stop,0.9895,0.0011,0.0040,0.0037,0.0017,0.9895
116,3.867,stop,0.9890,0.0011,0.0041,0.0038,0.0020,0.9890
118,3.933,stop,0.9892,0.0010,0.0040,0.0038,0.0021,0.9892
120,4.0,stop,0.9899,0.0009,0.0039,0.0035,0.0019,0.9899
122,4.067,stop,0.9916,0.0007,0.0037,0.0027,0.0013,0.9916
124,4.133,stop,0.9925,0.0007,0.0035,0.0022,0.0011,0.9925
126,4.2,stop,0.9923,0.0008,0.0038,0.0021,0.0010,0.9923
128,4.267,stop,0.9928,0.0008,0.0037,0.0019,0.0008,0.9928
130,4.333,stop,0.9932,0.0007,0.0038,0.0017,0.0006,0.9932
132,4.4,stop,0.9928,0.0008,0.0042,0.0017,0.0006,0.9928
134,4.467,stop,0.9925,0.0008,0.0043,0.0018,0.0007,0.9925
136,4.533,stop,0.9923,0.0008,0.0043,0.0019,0.0007,0.9923
138,4.6,stop,0.9916,0.0008,0.0047,0.0021,0.0008,0.9916
140,4.667,stop,0.9906,0.0009,0.0052,0.0023,0.0009,0.9906
142,4.733,stop,0.9895,0.0011,0.0057,0.0027,0.0011,0.9895
144,4.8,stop,0.9891,0.0011,0.0055,0.0031,0.0012,0.9891
146,4.867,stop,0.9892,0.0011,0.0050,0.0034,0.0013,0.9892
148,4.933,stop,0.9901,0.0010,0.0042,0.0035,0.0012,0.9901
150,5.0,stop,0.9903,0.0010,0.0038,0.0037,0.0012,0.9903
152,5.067,stop,0.9910,0.0009,0.0032,0.0037,0.0011,0.9910
154,5.133,stop,0.9919,0.0008,0.0028,0.0036,0.0010,0.9919
156,5.2,stop,0.9921,0.0007,0.0027,0.0035,0.0010,0.9921
158,5.267,stop,0.9926,0.0007,0.0026,0.0032,0.0008,0.9926
160,5.333,stop,0.9928,0.0007,0.0027,0.0030,0.0008,0.9928
162,5.4,stop,0.9932,0.0006,0.0027,0.0028,0.0008,0.9932
164,5.467,stop,0.9933,0.0006,0.0027,0.0027,0.0007,0.9933
166,5.533,stop,0.9929,0.0007,0.0030,0.0028,0.0007,0.9929
168,5.6,stop,0.9926,0.0007,0.0032,0.0028,0.0008,0.9926
170,5.667,stop,0.9925,0.0007,0.0033,0.0028,0.0008,0.9925
172,5.733,stop,0.9924,0.0007,0.0033,0.0029,0.0008,0.9924
174,5.8,stop,0.9925,0.0007,0.0032,0.0029,0.0007,0.9925
176,5.867,stop,0.9927,0.0007,0.0030,0.0028,0.0007,0.9927
178,5.933,stop,0.9930,0.0007,0.0029,0.0027,0.0007,0.9930
180,6.0,stop,0.9935,0.0006,0.0025,0.0027,0.0007,0.9935
182,6.067,stop,0.9936,0.0006,0.0025,0.0027,0.0007,0.9936
184,6.133,stop,0.9936,0.0006,0.0025,0.0026,0.0007,0.9936
186,6.2,stop,0.9938,0.0006,0.0024,0.0026,0.0007,0.9938
188,6.267,stop,0.9939,0.0005,0.0023,0.0025,0.0007,0.9939
190,6.333,stop,0.9938,0.0006,0.0024,0.0025,0.0007,0.9938
192,6.4,stop,0.9938,0.0006,0.0024,0.0026,0.0007,0.9938
194,6.467,stop,0.9938,0.0006,0.0024,0.0026,0.0007,0.9938
196,6.533,stop,0.9936,0.0006,0.0025,0.0026,0.0007,0.9936
198,6.6,stop,0.9933,0.0006,0.0027,0.0027,0.0007,0.9933
200,6.667,stop,0.9930,0.0007,0.0028,0.0028,0.0007,0.9930
202,6.733,stop,0.9929,0.0007,0.0028,0.0028,0.0007,0.9929
204,6.8,stop,0.9929,0.0007,0.0028,0.0029,0.0007,0.9929
206,6.867,stop,0.9927,0.0008,0.0029,0.0030,0.0007,0.9927
208,6.933,stop,0.9925,0.0008,0.0030,0.0031,0.0007,0.9925
210,7.0,stop,0.9923,0.0008,0.0031,0.0030,0.0007,0.9923
212,7.067,stop,0.9924,0.0008,0.0032,0.0030,0.0007,0.9924
214,7.133,stop,0.9924,0.0008,0.0032,0.0030,0.0008,0.9924
216,7.2,stop,0.9923,0.0007,0.0032,0.0029,0.0008,0.9923
218,7.267,stop,0.9922,0.0008,0.0034,0.0029,0.0008,0.9922
220,7.333,stop,0.9925,0.0007,0.0032,0.0028,0.0008,0.9925
222,7.4,stop,0.9924,0.0007,0.0032,0.0029,0.0008,0.9924
224,7.467,stop,0.9925,0.0007,0.0031,0.0029,0.0008,0.9925
226,7.533,stop,0.9923,0.0007,0.0032,0.0030,0.0008,0.9923
228,7.6,stop,0.9922,0.0007,0.0031,0.0031,0.0008,0.9922
230,7.667,stop,0.9927,0.0006,0.0028,0.0031,0.0008,0.9927
232,7.733,stop,0.9930,0.0006,0.0026,0.0030,0.0008,0.9930
234,7.8,stop,0.9930,0.0006,0.0026,0.0030,0.0008,0.9930
236,7.867,stop,0.9931,0.0006,0.0026,0.0029,0.0008,0.9931
238,7.933,stop,0.9930,0.0006,0.0027,0.0029,0.0008,0.9930
240,8.0,stop,0.9933,0.0006,0.0026,0.0027,0.0008,0.9933
242,8.067,stop,0.9933,0.0006,0.0027,0.0026,0.0008,0.9933
244,8.133,stop,0.9936,0.0007,0.0026,0.0024,0.0007,0.9936
246,8.2,stop,0.9938,0.0008,0.0026,0.0023,0.0006,0.9938
16,0.533,stop,0.9739,0.0009,0.0205,0.0038,0.0010,0.9739
18,0.6,stop,0.9736,0.0009,0.0207,0.0038,0.0010,0.9736
20,0.667,stop,0.9730,0.0009,0.0213,0.0038,0.0010,0.9730
22,0.733,stop,0.9734,0.0009,0.0209,0.0037,0.0010,0.9734
24,0.8,stop,0.9736,0.0009,0.0208,0.0036,0.0010,0.9736
26,0.867,stop,0.9739,0.0009,0.0206,0.0036,0.0011,0.9739
28,0.933,stop,0.9744,0.0008,0.0202,0.0035,0.0011,0.9744
30,1.0,stop,0.9749,0.0008,0.0197,0.0035,0.0011,0.9749
32,1.067,stop,0.9756,0.0008,0.0192,0.0034,0.0011,0.9756
34,1.133,stop,0.9766,0.0008,0.0182,0.0033,0.0010,0.9766
36,1.2,stop,0.9768,0.0008,0.0179,0.0034,0.0010,0.9768
38,1.267,stop,0.9773,0.0008,0.0175,0.0035,0.0010,0.9773
40,1.333,stop,0.9772,0.0008,0.0176,0.0035,0.0010,0.9772
42,1.4,stop,0.9769,0.0008,0.0177,0.0036,0.0009,0.9769
44,1.467,stop,0.9765,0.0009,0.0180,0.0037,0.0009,0.9765
46,1.533,stop,0.9759,0.0009,0.0186,0.0037,0.0009,0.9759
48,1.6,stop,0.9755,0.0009,0.0190,0.0037,0.0010,0.9755
16,0.533,stop,0.9908,0.0015,0.0055,0.0013,0.0010,0.9908
18,0.6,stop,0.9907,0.0015,0.0055,0.0013,0.0010,0.9907
20,0.667,stop,0.9907,0.0016,0.0055,0.0014,0.0009,0.9907
22,0.733,stop,0.9907,0.0016,0.0055,0.0013,0.0009,0.9907
24,0.8,stop,0.9906,0.0017,0.0054,0.0014,0.0009,0.9906
26,0.867,stop,0.9909,0.0016,0.0052,0.0013,0.0009,0.9909
28,0.933,stop,0.9909,0.0016,0.0053,0.0012,0.0010,0.9909
30,1.0,stop,0.9910,0.0014,0.0054,0.0012,0.0010,0.9910
32,1.067,stop,0.9911,0.0014,0.0054,0.0011,0.0010,0.9911
34,1.133,stop,0.9912,0.0013,0.0054,0.0011,0.0010,0.9912
36,1.2,stop,0.9913,0.0012,0.0054,0.0011,0.0010,0.9913
38,1.267,stop,0.9913,0.0011,0.0055,0.0010,0.0010,0.9913
40,1.333,stop,0.9913,0.0011,0.0055,0.0011,0.0010,0.9913
42,1.4,stop,0.9913,0.0012,0.0054,0.0011,0.0010,0.9913
44,1.467,stop,0.9913,0.0013,0.0054,0.0011,0.0009,0.9913
46,1.533,stop,0.9912,0.0013,0.0054,0.0012,0.0009,0.9912
48,1.6,stop,0.9909,0.0014,0.0055,0.0013,0.0009,0.9909
50,1.667,stop,0.9906,0.0015,0.0056,0.0013,0.0009,0.9906
52,1.733,stop,0.9903,0.0016,0.0058,0.0014,0.0009,0.9903
54,1.8,stop,0.9901,0.0016,0.0060,0.0014,0.0010,0.9901
16,0.533,stop,0.9922,0.0006,0.0045,0.0021,0.0006,0.9922
18,0.6,stop,0.9922,0.0006,0.0046,0.0021,0.0006,0.9922
20,0.667,stop,0.9921,0.0006,0.0046,0.0021,0.0006,0.9921
22,0.733,stop,0.9921,0.0006,0.0047,0.0021,0.0006,0.9921
24,0.8,stop,0.9921,0.0006,0.0046,0.0021,0.0006,0.9921
26,0.867,stop,0.9921,0.0006,0.0046,0.0021,0.0006,0.9921
28,0.933,stop,0.9921,0.0006,0.0046,0.0021,0.0006,0.9921
30,1.0,stop,0.9921,0.0006,0.0046,0.0021,0.0006,0.9921
32,1.067,stop,0.9921,0.0006,0.0046,0.0021,0.0006,0.9921
34,1.133,stop,0.9921,0.0006,0.0046,0.0021,0.0006,0.9921
36,1.2,stop,0.9920,0.0006,0.0047,0.0021,0.0006,0.9920
38,1.267,stop,0.9919,0.0006,0.0048,0.0021,0.0006,0.9919
40,1.333,stop,0.9918,0.0006,0.0048,0.0021,0.0006,0.9918
42,1.4,stop,0.9917,0.0006,0.0049,0.0022,0.0006,0.9917
44,1.467,stop,0.9917,0.0006,0.0049,0.0022,0.0006,0.9917
46,1.533,stop,0.9917,0.0006,0.0049,0.0022,0.0006,0.9917
48,1.6,stop,0.9916,0.0006,0.0050,0.0022,0.0006,0.9916
50,1.667,stop,0.9917,0.0006,0.0049,0.0022,0.0006,0.9917
52,1.733,stop,0.9917,0.0006,0.0049,0.0022,0.0006,0.9917
54,1.8,stop,0.9918,0.0006,0.0048,0.0022,0.0006,0.9918
56,1.867,stop,0.9918,0.0006,0.0048,0.0022,0.0006,0.9918
58,1.933,stop,0.9919,0.0006,0.0047,0.0022,0.0006,0.9919
60,2.0,stop,0.9919,0.0006,0.0047,0.0022,0.0006,0.9919
62,2.067,stop,0.9920,0.0006,0.0046,0.0022,0.0006,0.9920
64,2.133,stop,0.9920,0.0006,0.0046,0.0022,0.0006,0.9920
66,2.2,stop,0.9921,0.0006,0.0045,0.0022,0.0006,0.9921
68,2.267,stop,0.9922,0.0006,0.0045,0.0022,0.0006,0.9922
70,2.333,stop,0.9922,0.0006,0.0044,0.0022,0.0006,0.9922
72,2.4,stop,0.9923,0.0006,0.0044,0.0021,0.0006,0.9923
74,2.467,stop,0.9923,0.0006,0.0044,0.0021,0.0006,0.9923
76,2.533,stop,0.9922,0.0006,0.0044,0.0021,0.0006,0.9922
78,2.6,stop,0.9923,0.0006,0.0044,0.0021,0.0006,0.9923
80,2.667,stop,0.9922,0.0006,0.0044,0.0021,0.0006,0.9922
82,2.733,stop,0.9922,0.0006,0.0045,0.0021,0.0006,0.9922
84,2.8,stop,0.9921,0.0006,0.0046,0.0021,0.0006,0.9921
86,2.867,stop,0.9921,0.0006,0.0046,0.0021,0.0006,0.9921
88,2.933,stop,0.9921,0.0006,0.0046,0.0021,0.0006,0.9921
90,3.0,stop,0.9920,0.0006,0.0047,0.0022,0.0006,0.9920
92,3.067,stop,0.9920,0.0006,0.0047,0.0021,0.0006,0.9920
94,3.133,stop,0.9919,0.0006,0.0047,0.0021,0.0006,0.9919
96,3.2,stop,0.9920,0.0006,0.0047,0.0021,0.0006,0.9920
98,3.267,stop,0.9920,0.0006,0.0047,0.0021,0.0006,0.9920
100,3.333,stop,0.9919,0.0006,0.0047,0.0021,0.0006,0.9919
102,3.4,stop,0.9919,0.0006,0.0048,0.0021,0.0006,0.9919
104,3.467,stop,0.9920,0.0006,0.0047,0.0021,0.0006,0.9920
106,3.533,stop,0.9920,0.0006,0.0047,0.0021,0.0006,0.9920
108,3.6,stop,0.9921,0.0006,0.0047,0.0021,0.0006,0.9921
110,3.667,stop,0.9920,0.0006,0.0047,0.0021,0.0006,0.9920
112,3.733,stop,0.9920,0.0006,0.0047,0.0021,0.0006,0.9920
114,3.8,stop,0.9920,0.0006,0.0047,0.0021,0.0006,0.9920
116,3.867,stop,0.9920,0.0006,0.0047,0.0021,0.0006,0.9920
118,3.933,stop,0.9920,0.0006,0.0047,0.0021,0.0006,0.9920
120,4.0,stop,0.9920,0.0006,0.0047,0.0021,0.0006,0.9920
122,4.067,stop,0.9920,0.0006,0.0047,0.0022,0.0006,0.9920
124,4.133,stop,0.9920,0.0006,0.0047,0.0022,0.0006,0.9920
126,4.2,stop,0.9919,0.0006,0.0047,0.0022,0.0006,0.9919
128,4.267,stop,0.9919,0.0006,0.0048,0.0022,0.0006,0.9919
130,4.333,stop,0.9919,0.0006,0.0047,0.0022,0.0006,0.9919
132,4.4,stop,0.9919,0.0006,0.0047,0.0022,0.0006,0.9919
134,4.467,stop,0.9919,0.0006,0.0047,0.0022,0.0006,0.9919
136,4.533,stop,0.9920,0.0006,0.0047,0.0022,0.0006,0.9920
138,4.6,stop,0.9920,0.0006,0.0047,0.0022,0.0006,0.9920
140,4.667,stop,0.9920,0.0006,0.0047,0.0021,0.0006,0.9920
142,4.733,stop,0.9920,0.0006,0.0047,0.0021,0.0006,0.9920
144,4.8,stop,0.9919,0.0006,0.0047,0.0021,0.0006,0.9919
146,4.867,stop,0.9919,0.0006,0.0047,0.0021,0.0006,0.9919
148,4.933,stop,0.9919,0.0006,0.0047,0.0022,0.0006,0.9919
150,5.0,stop,0.9919,0.0006,0.0047,0.0022,0.0006,0.9919
152,5.067,stop,0.9918,0.0006,0.0048,0.0022,0.0006,0.9918
154,5.133,stop,0.9919,0.0006,0.0047,0.0022,0.0006,0.9919
156,5.2,stop,0.9919,0.0006,0.0047,0.0022,0.0006,0.9919
158,5.267,stop,0.9920,0.0006,0.0046,0.0022,0.0006,0.9920
160,5.333,stop,0.9921,0.0006,0.0046,0.0022,0.0006,0.9921
162,5.4,stop,0.9921,0.0006,0.0046,0.0021,0.0006,0.9921
164,5.467,stop,0.9921,0.0006,0.0046,0.0021,0.0006,0.9921
166,5.533,stop,0.9921,0.0006,0.0046,0.0021,0.0006,0.9921
168,5.6,stop,0.9921,0.0006,0.0045,0.0022,0.0006,0.9921
170,5.667,stop,0.9921,0.0006,0.0045,0.0022,0.0006,0.9921
172,5.733,stop,0.9922,0.0006,0.0045,0.0022,0.0006,0.9922
174,5.8,stop,0.9922,0.0006,0.0044,0.0022,0.0006,0.9922
176,5.867,stop,0.9922,0.0006,0.0044,0.0022,0.0006,0.9922
178,5.933,stop,0.9922,0.0006,0.0044,0.0022,0.0006,0.9922
180,6.0,stop,0.9922,0.0006,0.0044,0.0022,0.0006,0.9922
182,6.067,stop,0.9923,0.0006,0.0044,0.0022,0.0006,0.9923
184,6.133,stop,0.9922,0.0006,0.0044,0.0021,0.0006,0.9922
186,6.2,stop,0.9922,0.0006,0.0044,0.0021,0.0006,0.9922
188,6.267,stop,0.9922,0.0006,0.0045,0.0021,0.0006,0.9922
190,6.333,stop,0.9921,0.0006,0.0045,0.0022,0.0006,0.9921
192,6.4,stop,0.9921,0.0006,0.0045,0.0021,0.0006,0.9921
194,6.467,stop,0.9921,0.0006,0.0046,0.0021,0.0006,0.9921
196,6.533,stop,0.9921,0.0006,0.0046,0.0021,0.0006,0.9921
198,6.6,stop,0.9921,0.0006,0.0046,0.0021,0.0006,0.9921
200,6.667,stop,0.9922,0.0006,0.0046,0.0021,0.0006,0.9922
202,6.733,stop,0.9921,0.0006,0.0046,0.0021,0.0006,0.9921
204,6.8,stop,0.9921,0.0006,0.0047,0.0021,0.0006,0.9921
206,6.867,stop,0.9921,0.0006,0.0046,0.0021,0.0006,0.9921
208,6.933,stop,0.9920,0.0006,0.0046,0.0021,0.0006,0.9920
210,7.0,stop,0.9921,0.0006,0.0046,0.0021,0.0006,0.9921
212,7.067,stop,0.9921,0.0006,0.0046,0.0021,0.0006,0.9921
214,7.133,stop,0.9921,0.0006,0.0046,0.0021,0.0006,0.9921
216,7.2,stop,0.9921,0.0006,0.0045,0.0021,0.0006,0.9921
218,7.267,stop,0.9922,0.0006,0.0045,0.0021,0.0006,0.9922
220,7.333,stop,0.9921,0.0006,0.0045,0.0021,0.0006,0.9921
222,7.4,stop,0.9921,0.0006,0.0046,0.0021,0.0006,0.9921
224,7.467,stop,0.9921,0.0006,0.0046,0.0021,0.0006,0.9921
226,7.533,stop,0.9920,0.0006,0.0046,0.0021,0.0006,0.9920
228,7.6,stop,0.9920,0.0006,0.0047,0.0021,0.0006,0.9920
230,7.667,stop,0.9919,0.0006,0.0048,0.0021,0.0006,0.9919
232,7.733,stop,0.9918,0.0006,0.0049,0.0021,0.0006,0.9918
234,7.8,stop,0.9918,0.0006,0.0049,0.0021,0.0006,0.9918
236,7.867,stop,0.9918,0.0006,0.0049,0.0021,0.0006,0.9918
238,7.933,stop,0.9918,0.0006,0.0049,0.0021,0.0006,0.9918
240,8.0,stop,0.9919,0.0006,0.0048,0.0021,0.0006,0.9919
242,8.067,stop,0.9920,0.0006,0.0047,0.0021,0.0006,0.9920
244,8.133,stop,0.9920,0.0006,0.0047,0.0021,0.0006,0.9920
246,8.2,stop,0.9920,0.0006,0.0047,0.0021,0.0006,0.9920
248,8.267,stop,0.9920,0.0006,0.0047,0.0021,0.0006,0.9920
250,8.333,stop,0.9920,0.0006,0.0046,0.0021,0.0006,0.9920
252,8.4,stop,0.9920,0.0006,0.0047,0.0021,0.0006,0.9920
254,8.467,stop,0.9920,0.0006,0.0047,0.0021,0.0006,0.9920
256,8.533,stop,0.9920,0.0006,0.0047,0.0021,0.0006,0.9920
258,8.6,stop,0.9921,0.0006,0.0047,0.0021,0.0006,0.9921
260,8.667,stop,0.9920,0.0006,0.0047,0.0021,0.0006,0.9920
262,8.733,stop,0.9919,0.0006,0.0047,0.0021,0.0006,0.9919
264,8.8,stop,0.9919,0.0006,0.0047,0.0022,0.0006,0.9919
266,8.867,stop,0.9919,0.0006,0.0047,0.0022,0.0006,0.9919
268,8.933,stop,0.9919,0.0006,0.0047,0.0022,0.0006,0.9919
270,9.0,stop,0.9919,0.0006,0.0046,0.0022,0.0006,0.9919
272,9.067,stop,0.9920,0.0006,0.0046,0.0022,0.0006,0.9920
274,9.133,stop,0.9921,0.0006,0.0045,0.0022,0.0006,0.9921
276,9.2,stop,0.9921,0.0006,0.0045,0.0022,0.0006,0.9921
278,9.267,stop,0.9922,0.0006,0.0045,0.0021,0.0006,0.9922
280,9.333,stop,0.9922,0.0006,0.0045,0.0021,0.0006,0.9922
282,9.4,stop,0.9922,0.0006,0.0045,0.0021,0.0006,0.9922
284,9.467,stop,0.9921,0.0006,0.0046,0.0021,0.0006,0.9921
16,0.533,stop,0.9904,0.0053,0.0012,0.0014,0.0018,0.9904
18,0.6,stop,0.9907,0.0050,0.0012,0.0014,0.0018,0.9907
20,0.667,stop,0.9910,0.0048,0.0012,0.0013,0.0017,0.9910
22,0.733,stop,0.9917,0.0041,0.0012,0.0012,0.0018,0.9917
24,0.8,stop,0.9918,0.0040,0.0011,0.0012,0.0018,0.9918
26,0.867,stop,0.9921,0.0038,0.0011,0.0012,0.0018,0.9921
28,0.933,stop,0.9923,0.0037,0.0011,0.0012,0.0017,0.9923
30,1.0,stop,0.9924,0.0037,0.0011,0.0012,0.0017,0.9924
32,1.067,stop,0.9923,0.0038,0.0010,0.0013,0.0016,0.9923
34,1.133,stop,0.9921,0.0041,0.0010,0.0013,0.0015,0.9921
36,1.2,stop,0.9914,0.0048,0.0010,0.0014,0.0014,0.9914
38,1.267,stop,0.9904,0.0058,0.0010,0.0015,0.0013,0.9904
40,1.333,stop,0.9890,0.0072,0.0010,0.0016,0.0012,0.9890
42,1.4,stop,0.9866,0.0094,0.0010,0.0018,0.0011,0.9866
44,1.467,stop,0.9833,0.0127,0.0010,0.0020,0.0011,0.9833
46,1.533,stop,0.9807,0.0151,0.0010,0.0021,0.0011,0.9807
48,1.6,stop,0.9810,0.0147,0.0010,0.0021,0.0012,0.9810
50,1.667,stop,0.9828,0.0128,0.0010,0.0020,0.0013,0.9828
52,1.733,stop,0.9852,0.0104,0.0011,0.0019,0.0015,0.9852
54,1.8,stop,0.9870,0.0086,0.0011,0.0017,0.0016,0.9870
56,1.867,stop,0.9878,0.0077,0.0012,0.0017,0.0017,0.9878
58,1.933,stop,0.9876,0.0078,0.0012,0.0017,0.0017,0.9876
60,2.0,stop,0.9870,0.0084,0.0012,0.0017,0.0017,0.9870
62,2.067,stop,0.9864,0.0090,0.0012,0.0017,0.0017,0.9864
64,2.133,stop,0.9864,0.0090,0.0012,0.0017,0.0017,0.9864
66,2.2,stop,0.9868,0.0086,0.0012,0.0016,0.0017,0.9868
68,2.267,stop,0.9874,0.0080,0.0012,0.0016,0.0017,0.9874
70,2.333,stop,0.9880,0.0075,0.0012,0.0015,0.0017,0.9880
72,2.4,stop,0.9880,0.0075,0.0012,0.0015,0.0017,0.9880
74,2.467,stop,0.9880,0.0076,0.0012,0.0015,0.0017,0.9880
76,2.533,stop,0.9880,0.0076,0.0012,0.0015,0.0016,0.9880
78,2.6,stop,0.9883,0.0074,0.0012,0.0015,0.0016,0.9883
80,2.667,stop,0.9887,0.0071,0.0012,0.0015,0.0016,0.9887
82,2.733,stop,0.9890,0.0067,0.0012,0.0014,0.0017,0.9890
84,2.8,stop,0.9893,0.0064,0.0012,0.0014,0.0017,0.9893
86,2.867,stop,0.9891,0.0066,0.0012,0.0015,0.0017,0.9891
88,2.933,stop,0.9886,0.0071,0.0012,0.0015,0.0016,0.9886
90,3.0,stop,0.9877,0.0080,0.0012,0.0016,0.0016,0.9877
16,0.533,stop,0.9943,0.0022,0.0020,0.0009,0.0007,0.9943
18,0.6,stop,0.9946,0.0020,0.0019,0.0009,0.0006,0.9946
20,0.667,stop,0.9954,0.0017,0.0017,0.0007,0.0005,0.9954
22,0.733,stop,0.9959,0.0017,0.0015,0.0007,0.0003,0.9959
24,0.8,stop,0.9958,0.0017,0.0015,0.0007,0.0003,0.9958
26,0.867,stop,0.9958,0.0017,0.0015,0.0007,0.0003,0.9958
28,0.933,stop,0.9944,0.0023,0.0019,0.0008,0.0007,0.9944
30,1.0,stop,0.9920,0.0036,0.0024,0.0009,0.0011,0.9920
32,1.067,stop,0.9893,0.0051,0.0031,0.0010,0.0015,0.9893
34,1.133,stop,0.9857,0.0073,0.0041,0.0012,0.0017,0.9857
36,1.2,stop,0.9812,0.0104,0.0051,0.0013,0.0019,0.9812
38,1.267,stop,0.9751,0.0150,0.0064,0.0015,0.0019,0.9751
40,1.333,stop,0.9704,0.0190,0.0073,0.0017,0.0016,0.9704
42,1.4,stop,0.9733,0.0169,0.0073,0.0016,0.0009,0.9733
44,1.467,stop,0.9802,0.0116,0.0065,0.0012,0.0004,0.9802
46,1.533,stop,0.9806,0.0115,0.0063,0.0012,0.0004,0.9806
48,1.6,stop,0.9812,0.0112,0.0060,0.0011,0.0004,0.9812
50,1.667,stop,0.9801,0.0123,0.0061,0.0012,0.0004,0.9801
52,1.733,stop,0.9770,0.0152,0.0062,0.0012,0.0004,0.9770
54,1.8,stop,0.9744,0.0174,0.0065,0.0013,0.0004,0.9744
56,1.867,stop,0.9717,0.0199,0.0066,0.0013,0.0005,0.9717
58,1.933,stop,0.9656,0.0250,0.0074,0.0015,0.0005,0.9656
60,2.0,stop,0.9619,0.0263,0.0090,0.0019,0.0009,0.9619
62,2.067,stop,0.9596,0.0271,0.0101,0.0020,0.0012,0.9596
64,2.133,stop,0.9628,0.0231,0.0106,0.0020,0.0015,0.9628
66,2.2,stop,0.9670,0.0189,0.0108,0.0019,0.0015,0.9670
68,2.267,stop,0.9674,0.0186,0.0106,0.0019,0.0015,0.9674
70,2.333,stop,0.9670,0.0194,0.0103,0.0019,0.0014,0.9670
72,2.4,stop,0.9693,0.0186,0.0091,0.0018,0.0012,0.9693
74,2.467,stop,0.9759,0.0152,0.0072,0.0013,0.0005,0.9759
76,2.533,stop,0.9764,0.0150,0.0069,0.0013,0.0005,0.9764
78,2.6,stop,0.9766,0.0148,0.0068,0.0012,0.0005,0.9766
80,2.667,stop,0.9770,0.0146,0.0068,0.0012,0.0005,0.9770
82,2.733,stop,0.9765,0.0151,0.0067,0.0012,0.0005,0.9765
84,2.8,stop,0.9761,0.0153,0.0069,0.0012,0.0005,0.9761
86,2.867,stop,0.9758,0.0154,0.0070,0.0012,0.0005,0.9758
88,2.933,stop,0.9758,0.0154,0.0071,0.0012,0.0005,0.9758
90,3.0,stop,0.9759,0.0154,0.0071,0.0012,0.0005,0.9759
92,3.067,stop,0.9767,0.0145,0.0071,0.0012,0.0005,0.9767
94,3.133,stop,0.9778,0.0136,0.0070,0.0011,0.0005,0.9778
96,3.2,stop,0.9784,0.0130,0.0070,0.0011,0.0005,0.9784
98,3.267,stop,0.9783,0.0133,0.0067,0.0011,0.0005,0.9783
100,3.333,stop,0.9780,0.0136,0.0067,0.0011,0.0005,0.9780
102,3.4,stop,0.9773,0.0141,0.0068,0.0012,0.0005,0.9773
104,3.467,stop,0.9780,0.0137,0.0066,0.0012,0.0005,0.9780
106,3.533,stop,0.9794,0.0129,0.0060,0.0011,0.0005,0.9794
108,3.6,stop,0.9808,0.0122,0.0054,0.0011,0.0005,0.9808
110,3.667,stop,0.9837,0.0099,0.0049,0.0010,0.0004,0.9837
112,3.733,stop,0.9858,0.0084,0.0044,0.0010,0.0004,0.9858
114,3.8,stop,0.9879,0.0070,0.0038,0.0009,0.0004,0.9879
116,3.867,stop,0.9898,0.0058,0.0033,0.0008,0.0004,0.9898
118,3.933,stop,0.9906,0.0053,0.0030,0.0007,0.0004,0.9906
120,4.0,stop,0.9896,0.0061,0.0031,0.0008,0.0004,0.9896
122,4.067,stop,0.9888,0.0066,0.0033,0.0009,0.0005,0.9888
124,4.133,stop,0.9887,0.0066,0.0033,0.0009,0.0005,0.9887
126,4.2,stop,0.9889,0.0064,0.0033,0.0008,0.0006,0.9889
128,4.267,stop,0.9888,0.0064,0.0034,0.0009,0.0006,0.9888
130,4.333,stop,0.9891,0.0060,0.0034,0.0008,0.0006,0.9891
132,4.4,stop,0.9899,0.0054,0.0034,0.0008,0.0006,0.9899
134,4.467,stop,0.9909,0.0046,0.0033,0.0007,0.0005,0.9909
136,4.533,stop,0.9914,0.0047,0.0029,0.0007,0.0003,0.9914
138,4.6,stop,0.9914,0.0046,0.0030,0.0007,0.0004,0.9914
140,4.667,stop,0.9911,0.0047,0.0031,0.0007,0.0004,0.9911
142,4.733,stop,0.9911,0.0048,0.0031,0.0007,0.0003,0.9911
144,4.8,stop,0.9910,0.0048,0.0031,0.0007,0.0004,0.9910
146,4.867,stop,0.9910,0.0047,0.0032,0.0007,0.0004,0.9910
148,4.933,stop,0.9892,0.0058,0.0037,0.0008,0.0006,0.9892
150,5.0,stop,0.9856,0.0076,0.0048,0.0010,0.0010,0.9856
152,5.067,stop,0.9799,0.0109,0.0065,0.0012,0.0014,0.9799
154,5.133,stop,0.9722,0.0151,0.0093,0.0015,0.0019,0.9722
156,5.2,stop,0.9526,0.0260,0.0150,0.0023,0.0041,0.9526
158,5.267,stop,0.9230,0.0415,0.0246,0.0033,0.0076,0.9230
160,5.333,stop,0.8985,0.0513,0.0366,0.0041,0.0095,0.8985
162,5.4,stop,0.8879,0.0536,0.0472,0.0044,0.0069,0.8879
164,5.467,stop,0.8865,0.0550,0.0502,0.0042,0.0042,0.8865
166,5.533,stop,0.8494,0.0736,0.0659,0.0057,0.0054,0.8494
168,5.6,stop,0.8019,0.1053,0.0741,0.0076,0.0110,0.8019
170,5.667,stop,0.7729,0.1259,0.0723,0.0091,0.0198,0.7729
172,5.733,stop,0.7337,0.1535,0.0776,0.0118,0.0234,0.7337
174,5.8,stop,0.6828,0.1810,0.0788,0.0133,0.0440,0.6828
176,5.867,stop,0.6548,0.1912,0.0808,0.0138,0.0595,0.6548
178,5.933,stop,0.6040,0.2283,0.0840,0.0153,0.0684,0.6040
180,6.0,stop,0.6368,0.2226,0.0690,0.0119,0.0597,0.6368
182,6.067,stop,0.6750,0.1919,0.0683,0.0115,0.0533,0.6750
184,6.133,stop,0.7629,0.1388,0.0601,0.0085,0.0298,0.7629
186,6.2,stop,0.7585,0.1566,0.0530,0.0075,0.0245,0.7585
188,6.267,stop,0.8235,0.1059,0.0477,0.0063,0.0166,0.8235
190,6.333,stop,0.8195,0.1118,0.0459,0.0063,0.0165,0.8195
192,6.4,stop,0.7877,0.1371,0.0499,0.0074,0.0179,0.7877
194,6.467,stop,0.8319,0.1011,0.0499,0.0061,0.0109,0.8319
196,6.533,stop,0.8302,0.0995,0.0557,0.0065,0.0081,0.8302
198,6.6,stop,0.8257,0.0930,0.0642,0.0069,0.0101,0.8257
200,6.667,stop,0.7490,0.1313,0.0823,0.0107,0.0266,0.7490
202,6.733,stop,0.6627,0.1657,0.0940,0.0136,0.0639,0.6627
204,6.8,stop,0.5924,0.1914,0.0981,0.0159,0.1022,0.5924
206,6.867,stop,0.5449,0.1949,0.0926,0.0166,0.1509,0.5449
208,6.933,stop,0.6541,0.1884,0.0912,0.0124,0.0539,0.6541
210,7.0,stop,0.6228,0.2098,0.0867,0.0130,0.0677,0.6228
212,7.067,stop,0.6157,0.2284,0.0794,0.0122,0.0643,0.6157
214,7.133,stop,0.6311,0.2380,0.0765,0.0124,0.0420,0.6311
216,7.2,stop,0.7371,0.1660,0.0714,0.0094,0.0162,0.7371
218,7.267,stop,0.7585,0.1576,0.0654,0.0079,0.0106,0.7585
220,7.333,stop,0.7926,0.1199,0.0696,0.0079,0.0100,0.7926
222,7.4,stop,0.8703,0.0674,0.0533,0.0054,0.0037,0.8703
224,7.467,stop,0.8688,0.0694,0.0533,0.0053,0.0032,0.8688
226,7.533,stop,0.8977,0.0530,0.0442,0.0038,0.0012,0.8977
228,7.6,stop,0.9276,0.0393,0.0297,0.0027,0.0007,0.9276
