frame,time,pred_class,conf,prob_walk,prob_lick,prob_scratch,prob_shake,prob_stop
16,0.533,stop,0.9254,0.0093,0.0146,0.0055,0.0452,0.9254
18,0.6,stop,0.9337,0.0079,0.0135,0.0055,0.0395,0.9337
20,0.667,stop,0.9445,0.0058,0.0127,0.0053,0.0318,0.9445
22,0.733,stop,0.9475,0.0056,0.0127,0.0055,0.0288,0.9475
24,0.8,stop,0.9489,0.0057,0.0130,0.0059,0.0265,0.9489
26,0.867,stop,0.9477,0.0061,0.0135,0.0060,0.0268,0.9477
28,0.933,stop,0.9490,0.0065,0.0145,0.0061,0.0239,0.9490
30,1.0,stop,0.9505,0.0064,0.0154,0.0061,0.0216,0.9505
32,1.067,stop,0.9499,0.0067,0.0160,0.0061,0.0213,0.9499
34,1.133,stop,0.9490,0.0082,0.0165,0.0068,0.0194,0.9490
36,1.2,stop,0.9458,0.0100,0.0171,0.0076,0.0196,0.9458
38,1.267,stop,0.9420,0.0104,0.0169,0.0086,0.0220,0.9420
40,1.333,stop,0.9327,0.0114,0.0165,0.0098,0.0295,0.9327
42,1.4,stop,0.9221,0.0131,0.0162,0.0106,0.0379,0.9221
44,1.467,stop,0.8962,0.0145,0.0157,0.0119,0.0617,0.8962
46,1.533,stop,0.8726,0.0140,0.0147,0.0110,0.0877,0.8726
48,1.6,stop,0.8419,0.0133,0.0137,0.0091,0.1220,0.8419
50,1.667,stop,0.8206,0.0148,0.0132,0.0081,0.1434,0.8206
52,1.733,stop,0.8027,0.0167,0.0135,0.0078,0.1594,0.8027
54,1.8,stop,0.8163,0.0167,0.0128,0.0071,0.1471,0.8163
56,1.867,stop,0.8161,0.0190,0.0132,0.0075,0.1442,0.8161
58,1.933,stop,0.8497,0.0222,0.0139,0.0077,0.1064,0.8497
60,2.0,stop,0.8432,0.0252,0.0147,0.0082,0.1087,0.8432
62,2.067,stop,0.8279,0.0267,0.0151,0.0085,0.1218,0.8279
64,2.133,stop,0.8039,0.0291,0.0159,0.0089,0.1422,0.8039
66,2.2,stop,0.7839,0.0321,0.0169,0.0094,0.1578,0.7839
68,2.267,stop,0.7737,0.0354,0.0182,0.0096,0.1630,0.7737
70,2.333,stop,0.7426,0.0328,0.0180,0.0092,0.1972,0.7426
72,2.4,stop,0.7093,0.0307,0.0174,0.0089,0.2337,0.7093
74,2.467,stop,0.6834,0.0310,0.0176,0.0091,0.2589,0.6834
76,2.533,stop,0.6813,0.0349,0.0189,0.0102,0.2547,0.6813
78,2.6,stop,0.7104,0.0435,0.0208,0.0113,0.2140,0.7104
80,2.667,stop,0.7101,0.0556,0.0231,0.0126,0.1985,0.7101
82,2.733,stop,0.7320,0.0695,0.0243,0.0134,0.1608,0.7320
84,2.8,stop,0.7590,0.0604,0.0253,0.0129,0.1423,0.7590
86,2.867,stop,0.7666,0.0595,0.0256,0.0129,0.1354,0.7666
88,2.933,stop,0.7725,0.0537,0.0250,0.0123,0.1364,0.7725
90,3.0,stop,0.7690,0.0400,0.0233,0.0104,0.1573,0.7690
92,3.067,stop,0.7619,0.0342,0.0222,0.0095,0.1722,0.7619
94,3.133,stop,0.7584,0.0322,0.0217,0.0089,0.1788,0.7584
96,3.2,stop,0.7567,0.0319,0.0217,0.0089,0.1808,0.7567
98,3.267,stop,0.7547,0.0337,0.0222,0.0093,0.1800,0.7547
100,3.333,stop,0.7553,0.0361,0.0226,0.0096,0.1764,0.7553
102,3.4,stop,0.7591,0.0385,0.0232,0.0100,0.1692,0.7591
104,3.467,stop,0.7603,0.0402,0.0234,0.0101,0.1660,0.7603
106,3.533,stop,0.7582,0.0426,0.0238,0.0101,0.1654,0.7582
108,3.6,stop,0.7657,0.0435,0.0240,0.0103,0.1566,0.7657
110,3.667,stop,0.7554,0.0434,0.0227,0.0105,0.1679,0.7554
112,3.733,stop,0.7561,0.0406,0.0226,0.0098,0.1709,0.7561
114,3.8,stop,0.7590,0.0401,0.0225,0.0097,0.1687,0.7590
116,3.867,stop,0.7596,0.0383,0.0225,0.0095,0.1701,0.7596
118,3.933,stop,0.7616,0.0385,0.0226,0.0095,0.1678,0.7616
120,4.0,stop,0.7601,0.0376,0.0226,0.0093,0.1704,0.7601
122,4.067,stop,0.7611,0.0375,0.0226,0.0093,0.1694,0.7611
124,4.133,stop,0.7441,0.0350,0.0218,0.0092,0.1899,0.7441
126,4.2,stop,0.7299,0.0409,0.0217,0.0105,0.1970,0.7299
128,4.267,stop,0.7257,0.0440,0.0214,0.0110,0.1978,0.7257
130,4.333,stop,0.6998,0.0439,0.0206,0.0116,0.2242,0.6998
132,4.4,stop,0.6832,0.0407,0.0189,0.0110,0.2461,0.6832
134,4.467,stop,0.6579,0.0396,0.0178,0.0110,0.2737,0.6579
136,4.533,stop,0.6338,0.0371,0.0160,0.0108,0.3023,0.6338
138,4.6,stop,0.5727,0.0372,0.0149,0.0119,0.3633,0.5727
140,4.667,shake,0.4848,0.0337,0.0123,0.0102,0.4848,0.4591
142,4.733,shake,0.6439,0.0303,0.0092,0.0099,0.6439,0.3067
144,4.8,shake,0.8010,0.0197,0.0055,0.0075,0.8010,0.1663
146,4.867,shake,0.8390,0.0148,0.0047,0.0071,0.8390,0.1344
148,4.933,shake,0.8197,0.0150,0.0052,0.0080,0.8197,0.1522
150,5.0,shake,0.7446,0.0161,0.0070,0.0102,0.7446,0.2221
152,5.067,shake,0.5724,0.0128,0.0097,0.0109,0.5724,0.3942
154,5.133,stop,0.6906,0.0108,0.0127,0.0108,0.2750,0.6906
156,5.2,stop,0.8262,0.0092,0.0137,0.0106,0.1403,0.8262
158,5.267,stop,0.9338,0.0064,0.0121,0.0081,0.0396,0.9338
160,5.333,stop,0.9453,0.0053,0.0116,0.0088,0.0290,0.9453
162,5.4,stop,0.9483,0.0052,0.0115,0.0098,0.0252,0.9483
164,5.467,stop,0.9499,0.0051,0.0118,0.0112,0.0221,0.9499
166,5.533,stop,0.9501,0.0052,0.0118,0.0123,0.0206,0.9501
168,5.6,stop,0.9509,0.0053,0.0120,0.0138,0.0180,0.9509
170,5.667,stop,0.9514,0.0052,0.0119,0.0145,0.0169,0.9514
172,5.733,stop,0.9522,0.0050,0.0117,0.0146,0.0164,0.9522
174,5.8,stop,0.9527,0.0050,0.0115,0.0150,0.0158,0.9527
176,5.867,stop,0.9530,0.0050,0.0115,0.0150,0.0156,0.9530
178,5.933,stop,0.9537,0.0048,0.0113,0.0148,0.0154,0.9537
180,6.0,stop,0.9541,0.0046,0.0111,0.0145,0.0157,0.9541
182,6.067,stop,0.9550,0.0044,0.0108,0.0137,0.0160,0.9550
184,6.133,stop,0.9554,0.0043,0.0107,0.0135,0.0161,0.9554
186,6.2,stop,0.9557,0.0043,0.0107,0.0134,0.0159,0.9557
188,6.267,stop,0.9557,0.0044,0.0106,0.0133,0.0160,0.9557
190,6.333,stop,0.9563,0.0045,0.0105,0.0130,0.0156,0.9563
192,6.4,stop,0.9566,0.0046,0.0103,0.0131,0.0154,0.9566
194,6.467,stop,0.9573,0.0049,0.0102,0.0130,0.0147,0.9573
196,6.533,stop,0.9579,0.0049,0.0099,0.0129,0.0144,0.9579
198,6.6,stop,0.9587,0.0050,0.0098,0.0127,0.0139,0.9587
200,6.667,stop,0.9585,0.0054,0.0096,0.0127,0.0137,0.9585
202,6.733,stop,0.9581,0.0059,0.0097,0.0125,0.0139,0.9581
204,6.8,stop,0.9586,0.0060,0.0097,0.0118,0.0139,0.9586
206,6.867,stop,0.9582,0.0060,0.0099,0.0111,0.0148,0.9582
208,6.933,stop,0.9587,0.0059,0.0100,0.0101,0.0153,0.9587
210,7.0,stop,0.9584,0.0059,0.0101,0.0091,0.0164,0.9584
212,7.067,stop,0.9586,0.0055,0.0102,0.0080,0.0177,0.9586
214,7.133,stop,0.9598,0.0049,0.0100,0.0066,0.0188,0.9598
216,7.2,stop,0.9590,0.0048,0.0099,0.0062,0.0201,0.9590
218,7.267,stop,0.9578,0.0050,0.0100,0.0061,0.0211,0.9578
220,7.333,stop,0.9584,0.0050,0.0099,0.0058,0.0209,0.9584
222,7.4,stop,0.9582,0.0048,0.0099,0.0054,0.0217,0.9582
224,7.467,stop,0.9585,0.0047,0.0098,0.0050,0.0220,0.9585
226,7.533,stop,0.9584,0.0048,0.0100,0.0050,0.0218,0.9584
228,7.6,stop,0.9582,0.0049,0.0101,0.0049,0.0219,0.9582
230,7.667,stop,0.9586,0.0047,0.0101,0.0046,0.0220,0.9586
232,7.733,stop,0.9571,0.0048,0.0103,0.0047,0.0231,0.9571
234,7.8,stop,0.9511,0.0051,0.0106,0.0051,0.0281,0.9511
236,7.867,stop,0.9383,0.0056,0.0113,0.0055,0.0393,0.9383
238,7.933,stop,0.9138,0.0062,0.0121,0.0058,0.0621,0.9138
240,8.0,stop,0.8845,0.0073,0.0127,0.0058,0.0897,0.8845
242,8.067,stop,0.8547,0.0085,0.0134,0.0056,0.1178,0.8547
244,8.133,stop,0.8168,0.0110,0.0143,0.0056,0.1523,0.8168
246,8.2,stop,0.7612,0.0162,0.0157,0.0062,0.2007,0.7612
248,8.267,stop,0.7457,0.0217,0.0168,0.0063,0.2095,0.7457
250,8.333,stop,0.7988,0.0357,0.0187,0.0069,0.1399,0.7988
252,8.4,stop,0.8201,0.0454,0.0195,0.0076,0.1075,0.8201
254,8.467,stop,0.8222,0.0577,0.0203,0.0084,0.0914,0.8222
256,8.533,stop,0.8281,0.0532,0.0199,0.0085,0.0903,0.8281
258,8.6,stop,0.8479,0.0423,0.0187,0.0080,0.0831,0.8479
260,8.667,stop,0.8423,0.0338,0.0182,0.0078,0.0979,0.8423
262,8.733,stop,0.8315,0.0272,0.0172,0.0074,0.1167,0.8315
264,8.8,stop,0.8118,0.0187,0.0157,0.0057,0.1481,0.8118
266,8.867,stop,0.7874,0.0174,0.0158,0.0053,0.1742,0.7874
268,8.933,stop,0.7878,0.0168,0.0156,0.0048,0.1751,0.7878
270,9.0,stop,0.7769,0.0172,0.0161,0.0046,0.1852,0.7769
272,9.067,stop,0.7733,0.0172,0.0166,0.0042,0.1887,0.7733
274,9.133,stop,0.8471,0.0175,0.0163,0.0036,0.1155,0.8471
276,9.2,stop,0.8478,0.0175,0.0168,0.0034,0.1145,0.8478
278,9.267,stop,0.8633,0.0196,0.0176,0.0035,0.0960,0.8633
280,9.333,stop,0.8655,0.0178,0.0171,0.0031,0.0964,0.8655
282,9.4,stop,0.8646,0.0185,0.0172,0.0032,0.0965,0.8646
284,9.467,stop,0.8520,0.0198,0.0177,0.0034,0.1070,0.8520
286,9.533,stop,0.8185,0.0215,0.0180,0.0037,0.1384,0.8185
288,9.6,stop,0.7861,0.0251,0.0189,0.0038,0.1660,0.7861
290,9.667,stop,0.7299,0.0287,0.0196,0.0038,0.2180,0.7299
292,9.733,stop,0.6748,0.0333,0.0206,0.0038,0.2675,0.6748
294,9.8,stop,0.5909,0.0436,0.0212,0.0039,0.3404,0.5909
296,9.867,stop,0.5125,0.0576,0.0218,0.0042,0.4038,0.5125
298,9.933,stop,0.5071,0.0696,0.0237,0.0048,0.3949,0.5071
300,10.0,stop,0.5492,0.0803,0.0271,0.0052,0.3382,0.5492
302,10.067,stop,0.5445,0.1016,0.0288,0.0062,0.3189,0.5445
304,10.133,stop,0.5481,0.1535,0.0320,0.0077,0.2587,0.5481
306,10.2,stop,0.5175,0.2313,0.0334,0.0091,0.2087,0.5175
308,10.267,stop,0.5507,0.2048,0.0325,0.0101,0.2018,0.5507
310,10.333,stop,0.5669,0.2020,0.0313,0.0103,0.1895,0.5669
312,10.4,stop,0.5818,0.1468,0.0286,0.0091,0.2337,0.5818
314,10.467,stop,0.5649,0.1460,0.0292,0.0097,0.2502,0.5649
316,10.533,stop,0.5105,0.1329,0.0276,0.0097,0.3192,0.5105
318,10.6,stop,0.4783,0.0928,0.0239,0.0083,0.3967,0.4783
320,10.667,stop,0.4572,0.0894,0.0229,0.0076,0.4229,0.4572
322,10.733,stop,0.4468,0.1041,0.0235,0.0080,0.4176,0.4468
324,10.8,shake,0.9826,0.0010,0.0004,0.0011,0.9826,0.0149
326,10.867,shake,0.4645,0.0828,0.0186,0.0089,0.4645,0.4250
328,10.933,stop,0.4677,0.0605,0.0174,0.0067,0.4477,0.4677
330,11.0,stop,0.5428,0.0593,0.0184,0.0063,0.3731,0.5428
332,11.067,stop,0.5857,0.0729,0.0199,0.0072,0.3144,0.5857
334,11.133,stop,0.6142,0.0821,0.0203,0.0075,0.2760,0.6142
336,11.2,stop,0.6379,0.1106,0.0219,0.0078,0.2217,0.6379
338,11.267,stop,0.6694,0.1280,0.0228,0.0075,0.1724,0.6694
340,11.333,stop,0.6806,0.1351,0.0225,0.0077,0.1541,0.6806
342,11.4,stop,0.6904,0.1465,0.0229,0.0078,0.1323,0.6904
344,11.467,stop,0.7227,0.0922,0.0216,0.0066,0.1569,0.7227
346,11.533,stop,0.7277,0.0652,0.0205,0.0056,0.1811,0.7277
348,11.6,stop,0.7167,0.0480,0.0194,0.0049,0.2111,0.7167
350,11.667,stop,0.7016,0.0356,0.0179,0.0040,0.2409,0.7016
352,11.733,stop,0.7028,0.0353,0.0179,0.0041,0.2399,0.7028
354,11.8,stop,0.6856,0.0350,0.0184,0.0042,0.2568,0.6856
356,11.867,stop,0.6809,0.0367,0.0192,0.0044,0.2589,0.6809
358,11.933,stop,0.6775,0.0381,0.0197,0.0044,0.2602,0.6775
360,12.0,stop,0.6593,0.0374,0.0193,0.0043,0.2797,0.6593
362,12.067,stop,0.6424,0.0363,0.0189,0.0041,0.2983,0.6424
364,12.133,stop,0.6457,0.0384,0.0192,0.0041,0.2927,0.6457
366,12.2,stop,0.6316,0.0359,0.0187,0.0038,0.3101,0.6316
368,12.267,stop,0.6422,0.0343,0.0187,0.0036,0.3013,0.6422
370,12.333,stop,0.6422,0.0346,0.0183,0.0036,0.3013,0.6422
372,12.4,stop,0.6368,0.0344,0.0182,0.0038,0.3068,0.6368
374,12.467,stop,0.6529,0.0356,0.0190,0.0042,0.2884,0.6529
376,12.533,stop,0.6558,0.0377,0.0200,0.0045,0.2820,0.6558
378,12.6,stop,0.6690,0.0390,0.0208,0.0049,0.2663,0.6690
380,12.667,stop,0.6682,0.0414,0.0215,0.0053,0.2636,0.6682
382,12.733,stop,0.6784,0.0466,0.0223,0.0057,0.2470,0.6784
384,12.8,shake,0.9689,0.0009,0.0007,0.0012,0.9689,0.0283
386,12.867,shake,0.9684,0.0010,0.0007,0.0013,0.9684,0.0285
388,12.933,shake,0.9696,0.0010,0.0007,0.0013,0.9696,0.0273
390,13.0,shake,0.9690,0.0011,0.0007,0.0013,0.9690,0.0280
392,13.067,shake,0.9695,0.0011,0.0007,0.0012,0.9695,0.0275
394,13.133,shake,0.9681,0.0011,0.0007,0.0012,0.9681,0.0289
396,13.2,shake,0.9660,0.0013,0.0008,0.0013,0.9660,0.0306
16,0.533,stop,0.8257,0.0072,0.1416,0.0172,0.0082,0.8257
18,0.6,stop,0.8251,0.0072,0.1423,0.0174,0.0080,0.8251
20,0.667,stop,0.8232,0.0074,0.1442,0.0175,0.0077,0.8232
22,0.733,stop,0.8197,0.0076,0.1474,0.0176,0.0076,0.8197
24,0.8,stop,0.8200,0.0074,0.1476,0.0174,0.0076,0.8200
26,0.867,stop,0.8188,0.0073,0.1488,0.0173,0.0078,0.8188
28,0.933,stop,0.8186,0.0070,0.1497,0.0170,0.0076,0.8186
30,1.0,stop,0.8216,0.0068,0.1454,0.0177,0.0084,0.8216
32,1.067,stop,0.8225,0.0069,0.1440,0.0180,0.0087,0.8225
34,1.133,stop,0.8266,0.0069,0.1390,0.0187,0.0088,0.8266
36,1.2,stop,0.8273,0.0072,0.1376,0.0191,0.0087,0.8273
38,1.267,stop,0.8251,0.0076,0.1391,0.0198,0.0084,0.8251
40,1.333,stop,0.8215,0.0079,0.1425,0.0200,0.0081,0.8215
42,1.4,stop,0.8208,0.0079,0.1432,0.0201,0.0080,0.8208
44,1.467,stop,0.8191,0.0078,0.1458,0.0196,0.0077,0.8191
46,1.533,stop,0.8175,0.0076,0.1491,0.0188,0.0070,0.8175
48,1.6,stop,0.8223,0.0068,0.1462,0.0174,0.0073,0.8223
50,1.667,stop,0.8229,0.0067,0.1459,0.0172,0.0073,0.8229
52,1.733,stop,0.8243,0.0067,0.1444,0.0173,0.0074,0.8243
54,1.8,stop,0.8250,0.0066,0.1434,0.0174,0.0076,0.8250
56,1.867,stop,0.8247,0.0068,0.1411,0.0189,0.0086,0.8247
58,1.933,stop,0.8264,0.0072,0.1369,0.0202,0.0094,0.8264
60,2.0,stop,0.8325,0.0074,0.1268,0.0228,0.0106,0.8325
62,2.067,stop,0.8431,0.0075,0.1130,0.0251,0.0112,0.8431
64,2.133,stop,0.8541,0.0077,0.0990,0.0279,0.0113,0.8541
66,2.2,stop,0.8643,0.0079,0.0864,0.0304,0.0111,0.8643
68,2.267,stop,0.8735,0.0078,0.0743,0.0336,0.0107,0.8735
70,2.333,stop,0.8870,0.0069,0.0635,0.0337,0.0089,0.8870
72,2.4,stop,0.8940,0.0068,0.0579,0.0333,0.0080,0.8940
74,2.467,stop,0.8988,0.0067,0.0549,0.0323,0.0073,0.8988
76,2.533,stop,0.8996,0.0071,0.0547,0.0316,0.0069,0.8996
78,2.6,stop,0.8994,0.0073,0.0557,0.0307,0.0070,0.8994
80,2.667,stop,0.8987,0.0074,0.0573,0.0294,0.0072,0.8987
82,2.733,stop,0.8977,0.0078,0.0595,0.0279,0.0071,0.8977
84,2.8,stop,0.8971,0.0080,0.0613,0.0265,0.0072,0.8971
86,2.867,stop,0.8958,0.0079,0.0635,0.0253,0.0074,0.8958
88,2.933,stop,0.8963,0.0077,0.0637,0.0246,0.0076,0.8963
90,3.0,stop,0.8961,0.0078,0.0638,0.0245,0.0079,0.8961
92,3.067,stop,0.8953,0.0079,0.0643,0.0244,0.0080,0.8953
94,3.133,stop,0.8941,0.0079,0.0656,0.0243,0.0081,0.8941
96,3.2,stop,0.8952,0.0074,0.0650,0.0239,0.0084,0.8952
98,3.267,stop,0.8971,0.0072,0.0634,0.0237,0.0085,0.8971
100,3.333,stop,0.8973,0.0071,0.0630,0.0241,0.0085,0.8973
102,3.4,stop,0.8970,0.0070,0.0631,0.0245,0.0083,0.8970
104,3.467,stop,0.8963,0.0067,0.0628,0.0256,0.0086,0.8963
106,3.533,stop,0.8966,0.0065,0.0613,0.0269,0.0088,0.8966
108,3.6,stop,0.8940,0.0064,0.0593,0.0307,0.0096,0.8940
110,3.667,stop,0.8906,0.0063,0.0587,0.0344,0.0100,0.8906
112,3.733,stop,0.8875,0.0062,0.0585,0.0375,0.0102,0.8875
114,3.8,stop,0.8790,0.0067,0.0593,0.0442,0.0108,0.8790
116,3.867,stop,0.8691,0.0070,0.0638,0.0482,0.0119,0.8691
118,3.933,stop,0.8628,0.0073,0.0709,0.0473,0.0116,0.8628
120,4.0,stop,0.8557,0.0076,0.0833,0.0422,0.0112,0.8557
122,4.067,stop,0.8457,0.0077,0.1007,0.0357,0.0102,0.8457
124,4.133,stop,0.8348,0.0076,0.1188,0.0295,0.0092,0.8348
126,4.2,stop,0.8210,0.0073,0.1384,0.0242,0.0091,0.8210
128,4.267,stop,0.8096,0.0069,0.1555,0.0190,0.0090,0.8096
130,4.333,stop,0.8000,0.0066,0.1702,0.0159,0.0073,0.8000
132,4.4,stop,0.8043,0.0065,0.1653,0.0161,0.0077,0.8043
134,4.467,stop,0.8133,0.0065,0.1539,0.0177,0.0086,0.8133
136,4.533,stop,0.8257,0.0065,0.1397,0.0189,0.0092,0.8257
138,4.6,stop,0.8396,0.0065,0.1235,0.0208,0.0096,0.8396
140,4.667,stop,0.8535,0.0066,0.1064,0.0234,0.0101,0.8535
142,4.733,stop,0.8653,0.0067,0.0906,0.0268,0.0106,0.8653
144,4.8,stop,0.8742,0.0066,0.0768,0.0312,0.0112,0.8742
146,4.867,stop,0.8809,0.0064,0.0663,0.0353,0.0111,0.8809
148,4.933,stop,0.8871,0.0059,0.0572,0.0395,0.0102,0.8871
150,5.0,stop,0.8869,0.0056,0.0533,0.0438,0.0103,0.8869
152,5.067,stop,0.8852,0.0057,0.0516,0.0473,0.0102,0.8852
154,5.133,stop,0.8828,0.0057,0.0511,0.0504,0.0099,0.8828
156,5.2,stop,0.8821,0.0058,0.0530,0.0498,0.0093,0.8821
158,5.267,stop,0.8820,0.0060,0.0548,0.0487,0.0085,0.8820
160,5.333,stop,0.8833,0.0057,0.0561,0.0461,0.0089,0.8833
162,5.4,stop,0.8852,0.0055,0.0574,0.0431,0.0088,0.8852
164,5.467,stop,0.8861,0.0054,0.0595,0.0407,0.0084,0.8861
166,5.533,stop,0.8857,0.0055,0.0593,0.0412,0.0083,0.8857
168,5.6,stop,0.8849,0.0055,0.0593,0.0420,0.0083,0.8849
170,5.667,stop,0.8829,0.0057,0.0601,0.0432,0.0081,0.8829
172,5.733,stop,0.8815,0.0059,0.0609,0.0437,0.0079,0.8815
174,5.8,stop,0.8791,0.0059,0.0605,0.0462,0.0083,0.8791
176,5.867,stop,0.8792,0.0059,0.0618,0.0448,0.0083,0.8792
178,5.933,stop,0.8794,0.0058,0.0622,0.0441,0.0085,0.8794
180,6.0,stop,0.8801,0.0057,0.0623,0.0433,0.0086,0.8801
182,6.067,stop,0.8806,0.0058,0.0619,0.0432,0.0085,0.8806
184,6.133,stop,0.8810,0.0058,0.0631,0.0418,0.0083,0.8810
186,6.2,stop,0.8803,0.0059,0.0627,0.0428,0.0083,0.8803
188,6.267,stop,0.8805,0.0058,0.0633,0.0422,0.0081,0.8805
190,6.333,stop,0.8829,0.0054,0.0649,0.0388,0.0080,0.8829
192,6.4,stop,0.8807,0.0055,0.0640,0.0413,0.0086,0.8807
194,6.467,stop,0.8800,0.0055,0.0625,0.0432,0.0087,0.8800
196,6.533,stop,0.8795,0.0055,0.0625,0.0436,0.0089,0.8795
198,6.6,stop,0.8792,0.0056,0.0614,0.0448,0.0090,0.8792
200,6.667,stop,0.8795,0.0056,0.0613,0.0447,0.0089,0.8795
202,6.733,stop,0.8786,0.0058,0.0612,0.0457,0.0087,0.8786
204,6.8,stop,0.8786,0.0059,0.0615,0.0456,0.0084,0.8786
206,6.867,stop,0.8784,0.0062,0.0625,0.0455,0.0073,0.8784
208,6.933,stop,0.8834,0.0057,0.0617,0.0414,0.0078,0.8834
210,7.0,stop,0.8833,0.0058,0.0625,0.0406,0.0078,0.8833
212,7.067,stop,0.8828,0.0058,0.0631,0.0404,0.0079,0.8828
214,7.133,stop,0.8823,0.0059,0.0637,0.0403,0.0079,0.8823
216,7.2,stop,0.8819,0.0058,0.0645,0.0399,0.0079,0.8819
218,7.267,stop,0.8822,0.0057,0.0644,0.0395,0.0082,0.8822
220,7.333,stop,0.8827,0.0055,0.0636,0.0396,0.0085,0.8827
222,7.4,stop,0.8846,0.0053,0.0620,0.0393,0.0088,0.8846
224,7.467,stop,0.8855,0.0053,0.0599,0.0404,0.0089,0.8855
226,7.533,stop,0.8854,0.0051,0.0585,0.0416,0.0095,0.8854
228,7.6,stop,0.8838,0.0051,0.0574,0.0437,0.0099,0.8838
230,7.667,stop,0.8837,0.0052,0.0567,0.0445,0.0098,0.8837
232,7.733,stop,0.8820,0.0055,0.0570,0.0462,0.0093,0.8820
234,7.8,stop,0.8808,0.0057,0.0591,0.0454,0.0090,0.8808
236,7.867,stop,0.8770,0.0061,0.0623,0.0459,0.0087,0.8770
238,7.933,stop,0.8742,0.0067,0.0659,0.0450,0.0081,0.8742
240,8.0,stop,0.8707,0.0074,0.0715,0.0432,0.0072,0.8707
242,8.067,stop,0.8674,0.0077,0.0784,0.0398,0.0068,0.8674
244,8.133,stop,0.8617,0.0082,0.0866,0.0369,0.0065,0.8617
246,8.2,stop,0.8553,0.0086,0.0952,0.0346,0.0063,0.8553
16,0.533,stop,0.8456,0.0061,0.1223,0.0204,0.0055,0.8456
18,0.6,stop,0.8460,0.0062,0.1218,0.0206,0.0054,0.8460
20,0.667,stop,0.8479,0.0062,0.1195,0.0209,0.0054,0.8479
22,0.733,stop,0.8500,0.0061,0.1172,0.0212,0.0055,0.8500
24,0.8,stop,0.8513,0.0061,0.1155,0.0216,0.0055,0.8513
26,0.867,stop,0.8533,0.0061,0.1128,0.0222,0.0056,0.8533
28,0.933,stop,0.8552,0.0060,0.1104,0.0228,0.0057,0.8552
30,1.0,stop,0.8560,0.0059,0.1089,0.0235,0.0057,0.8560
32,1.067,stop,0.8563,0.0060,0.1081,0.0238,0.0057,0.8563
34,1.133,stop,0.8551,0.0061,0.1089,0.0242,0.0057,0.8551
36,1.2,stop,0.8529,0.0063,0.1102,0.0248,0.0057,0.8529
38,1.267,stop,0.8498,0.0066,0.1130,0.0248,0.0057,0.8498
40,1.333,stop,0.8467,0.0068,0.1168,0.0241,0.0056,0.8467
42,1.4,stop,0.8440,0.0069,0.1198,0.0237,0.0055,0.8440
44,1.467,stop,0.8418,0.0070,0.1226,0.0231,0.0055,0.8418
46,1.533,stop,0.8400,0.0070,0.1246,0.0229,0.0055,0.8400
48,1.6,stop,0.8410,0.0067,0.1248,0.0220,0.0055,0.8410
16,0.533,stop,0.9199,0.0077,0.0559,0.0103,0.0062,0.9199
18,0.6,stop,0.9207,0.0076,0.0552,0.0104,0.0062,0.9207
20,0.667,stop,0.9208,0.0076,0.0552,0.0102,0.0061,0.9208
22,0.733,stop,0.9204,0.0075,0.0562,0.0098,0.0061,0.9204
24,0.8,stop,0.9201,0.0073,0.0570,0.0094,0.0062,0.9201
26,0.867,stop,0.9201,0.0071,0.0573,0.0092,0.0063,0.9201
28,0.933,stop,0.9197,0.0068,0.0581,0.0088,0.0065,0.9197
30,1.0,stop,0.9188,0.0066,0.0597,0.0082,0.0066,0.9188
32,1.067,stop,0.9172,0.0067,0.0613,0.0081,0.0066,0.9172
34,1.133,stop,0.9162,0.0068,0.0621,0.0083,0.0067,0.9162
36,1.2,stop,0.9156,0.0068,0.0627,0.0083,0.0066,0.9156
38,1.267,stop,0.9155,0.0068,0.0628,0.0083,0.0066,0.9155
40,1.333,stop,0.9150,0.0069,0.0632,0.0085,0.0064,0.9150
42,1.4,stop,0.9153,0.0068,0.0632,0.0084,0.0063,0.9153
44,1.467,stop,0.9155,0.0068,0.0630,0.0084,0.0063,0.9155
46,1.533,stop,0.9153,0.0068,0.0631,0.0085,0.0063,0.9153
48,1.6,stop,0.9147,0.0069,0.0637,0.0085,0.0063,0.9147
50,1.667,stop,0.9135,0.0071,0.0649,0.0084,0.0062,0.9135
52,1.733,stop,0.9126,0.0074,0.0655,0.0083,0.0062,0.9126
54,1.8,stop,0.9137,0.0072,0.0643,0.0083,0.0065,0.9137
16,0.533,stop,0.5531,0.0092,0.3669,0.0635,0.0073,0.5531
18,0.6,stop,0.5511,0.0093,0.3694,0.0630,0.0073,0.5511
20,0.667,stop,0.5502,0.0095,0.3692,0.0638,0.0073,0.5502
22,0.733,stop,0.5476,0.0094,0.3734,0.0626,0.0070,0.5476
24,0.8,stop,0.5448,0.0092,0.3768,0.0623,0.0069,0.5448
26,0.867,stop,0.5419,0.0093,0.3798,0.0623,0.0068,0.5419
28,0.933,stop,0.5382,0.0093,0.3836,0.0622,0.0066,0.5382
30,1.0,stop,0.5370,0.0093,0.3846,0.0625,0.0066,0.5370
32,1.067,stop,0.5373,0.0093,0.3842,0.0627,0.0066,0.5373
34,1.133,stop,0.5377,0.0092,0.3824,0.0640,0.0067,0.5377
36,1.2,stop,0.5434,0.0093,0.3752,0.0651,0.0070,0.5434
38,1.267,stop,0.5476,0.0093,0.3704,0.0656,0.0071,0.5476
40,1.333,stop,0.5516,0.0093,0.3650,0.0668,0.0073,0.5516
42,1.4,stop,0.5560,0.0094,0.3588,0.0684,0.0074,0.5560
44,1.467,stop,0.5564,0.0095,0.3574,0.0692,0.0075,0.5564
46,1.533,stop,0.5568,0.0095,0.3567,0.0695,0.0075,0.5568
48,1.6,stop,0.5561,0.0095,0.3571,0.0698,0.0075,0.5561
50,1.667,stop,0.5517,0.0094,0.3622,0.0694,0.0074,0.5517
52,1.733,stop,0.5501,0.0094,0.3633,0.0698,0.0073,0.5501
54,1.8,stop,0.5476,0.0094,0.3657,0.0700,0.0072,0.5476
56,1.867,stop,0.5455,0.0094,0.3678,0.0701,0.0072,0.5455
58,1.933,stop,0.5437,0.0094,0.3697,0.0700,0.0071,0.5437
60,2.0,stop,0.5410,0.0093,0.3732,0.0695,0.0070,0.5410
62,2.067,stop,0.5407,0.0093,0.3735,0.0695,0.0070,0.5407
64,2.133,stop,0.5429,0.0093,0.3710,0.0697,0.0072,0.5429
66,2.2,stop,0.5448,0.0092,0.3690,0.0696,0.0073,0.5448
68,2.267,stop,0.5483,0.0094,0.3650,0.0699,0.0074,0.5483
70,2.333,stop,0.5505,0.0093,0.3629,0.0698,0.0075,0.5505
72,2.4,stop,0.5521,0.0093,0.3620,0.0691,0.0075,0.5521
74,2.467,stop,0.5548,0.0093,0.3597,0.0687,0.0075,0.5548
76,2.533,stop,0.5546,0.0094,0.3602,0.0683,0.0074,0.5546
78,2.6,stop,0.5550,0.0094,0.3604,0.0678,0.0074,0.5550
80,2.667,stop,0.5560,0.0095,0.3600,0.0672,0.0073,0.5560
82,2.733,stop,0.5555,0.0095,0.3610,0.0667,0.0072,0.5555
84,2.8,stop,0.5571,0.0094,0.3608,0.0655,0.0072,0.5571
86,2.867,stop,0.5579,0.0093,0.3605,0.0651,0.0072,0.5579
88,2.933,stop,0.5586,0.0094,0.3602,0.0646,0.0072,0.5586
90,3.0,stop,0.5593,0.0093,0.3603,0.0639,0.0072,0.5593
92,3.067,stop,0.5581,0.0093,0.3625,0.0630,0.0071,0.5581
94,3.133,stop,0.5552,0.0093,0.3657,0.0627,0.0071,0.5552
96,3.2,stop,0.5532,0.0092,0.3680,0.0625,0.0071,0.5532
98,3.267,stop,0.5511,0.0091,0.3702,0.0625,0.0070,0.5511
100,3.333,stop,0.5476,0.0091,0.3738,0.0625,0.0070,0.5476
102,3.4,stop,0.5451,0.0091,0.3758,0.0629,0.0070,0.5451
104,3.467,stop,0.5431,0.0092,0.3778,0.0630,0.0070,0.5431
106,3.533,stop,0.5436,0.0092,0.3762,0.0640,0.0070,0.5436
108,3.6,stop,0.5434,0.0092,0.3762,0.0642,0.0070,0.5434
110,3.667,stop,0.5430,0.0093,0.3762,0.0646,0.0070,0.5430
112,3.733,stop,0.5425,0.0093,0.3761,0.0652,0.0070,0.5425
114,3.8,stop,0.5437,0.0092,0.3746,0.0655,0.0070,0.5437
116,3.867,stop,0.5443,0.0092,0.3734,0.0662,0.0070,0.5443
118,3.933,stop,0.5454,0.0092,0.3713,0.0670,0.0071,0.5454
120,4.0,stop,0.5485,0.0093,0.3673,0.0678,0.0070,0.5485
122,4.067,stop,0.5499,0.0092,0.3664,0.0673,0.0071,0.5499
124,4.133,stop,0.5512,0.0093,0.3648,0.0676,0.0071,0.5512
126,4.2,stop,0.5526,0.0094,0.3640,0.0669,0.0071,0.5526
128,4.267,stop,0.5532,0.0093,0.3642,0.0661,0.0071,0.5532
130,4.333,stop,0.5542,0.0093,0.3633,0.0660,0.0071,0.5542
132,4.4,stop,0.5547,0.0094,0.3634,0.0654,0.0070,0.5547
134,4.467,stop,0.5529,0.0097,0.3643,0.0661,0.0070,0.5529
136,4.533,stop,0.5516,0.0094,0.3675,0.0646,0.0069,0.5516
138,4.6,stop,0.5488,0.0093,0.3708,0.0643,0.0069,0.5488
140,4.667,stop,0.5483,0.0092,0.3712,0.0643,0.0069,0.5483
142,4.733,stop,0.5486,0.0092,0.3706,0.0645,0.0070,0.5486
144,4.8,stop,0.5489,0.0091,0.3703,0.0645,0.0071,0.5489
146,4.867,stop,0.5497,0.0092,0.3690,0.0650,0.0072,0.5497
148,4.933,stop,0.5507,0.0093,0.3674,0.0654,0.0072,0.5507
150,5.0,stop,0.5509,0.0094,0.3677,0.0649,0.0071,0.5509
152,5.067,stop,0.5541,0.0093,0.3652,0.0643,0.0070,0.5541
154,5.133,stop,0.5563,0.0094,0.3633,0.0640,0.0070,0.5563
156,5.2,stop,0.5582,0.0093,0.3617,0.0637,0.0071,0.5582
158,5.267,stop,0.5597,0.0093,0.3606,0.0633,0.0071,0.5597
160,5.333,stop,0.5623,0.0092,0.3582,0.0632,0.0071,0.5623
162,5.4,stop,0.5638,0.0090,0.3572,0.0627,0.0072,0.5638
164,5.467,stop,0.5672,0.0092,0.3525,0.0638,0.0073,0.5672
166,5.533,stop,0.5692,0.0093,0.3491,0.0650,0.0074,0.5692
168,5.6,stop,0.5703,0.0094,0.3474,0.0655,0.0074,0.5703
170,5.667,stop,0.5714,0.0094,0.3461,0.0657,0.0074,0.5714
172,5.733,stop,0.5722,0.0094,0.3454,0.0657,0.0073,0.5722
174,5.8,stop,0.5707,0.0095,0.3473,0.0653,0.0072,0.5707
176,5.867,stop,0.5706,0.0094,0.3479,0.0651,0.0071,0.5706
178,5.933,stop,0.5697,0.0094,0.3485,0.0654,0.0070,0.5697
180,6.0,stop,0.5686,0.0093,0.3493,0.0658,0.0070,0.5686
182,6.067,stop,0.5669,0.0093,0.3509,0.0659,0.0071,0.5669
184,6.133,stop,0.5664,0.0093,0.3501,0.0670,0.0072,0.5664
186,6.2,stop,0.5671,0.0093,0.3486,0.0677,0.0073,0.5671
188,6.267,stop,0.5679,0.0094,0.3476,0.0678,0.0073,0.5679
190,6.333,stop,0.5696,0.0094,0.3450,0.0686,0.0074,0.5696
192,6.4,stop,0.5717,0.0094,0.3430,0.0684,0.0075,0.5717
194,6.467,stop,0.5734,0.0095,0.3407,0.0688,0.0076,0.5734
196,6.533,stop,0.5741,0.0095,0.3411,0.0678,0.0075,0.5741
198,6.6,stop,0.5738,0.0094,0.3423,0.0670,0.0074,0.5738
200,6.667,stop,0.5727,0.0094,0.3439,0.0666,0.0074,0.5727
202,6.733,stop,0.5700,0.0094,0.3470,0.0662,0.0073,0.5700
204,6.8,stop,0.5680,0.0095,0.3491,0.0662,0.0073,0.5680
206,6.867,stop,0.5661,0.0093,0.3521,0.0653,0.0072,0.5661
208,6.933,stop,0.5656,0.0092,0.3529,0.0651,0.0072,0.5656
210,7.0,stop,0.5637,0.0092,0.3555,0.0645,0.0072,0.5637
212,7.067,stop,0.5639,0.0092,0.3545,0.0653,0.0071,0.5639
214,7.133,stop,0.5630,0.0093,0.3554,0.0653,0.0071,0.5630
216,7.2,stop,0.5635,0.0093,0.3547,0.0654,0.0071,0.5635
218,7.267,stop,0.5631,0.0093,0.3544,0.0661,0.0071,0.5631
220,7.333,stop,0.5628,0.0093,0.3553,0.0656,0.0071,0.5628
222,7.4,stop,0.5639,0.0093,0.3536,0.0660,0.0071,0.5639
224,7.467,stop,0.5651,0.0093,0.3528,0.0657,0.0072,0.5651
226,7.533,stop,0.5671,0.0093,0.3496,0.0666,0.0073,0.5671
228,7.6,stop,0.5682,0.0093,0.3485,0.0666,0.0074,0.5682
230,7.667,stop,0.5680,0.0093,0.3487,0.0666,0.0074,0.5680
232,7.733,stop,0.5684,0.0094,0.3475,0.0673,0.0074,0.5684
234,7.8,stop,0.5659,0.0093,0.3507,0.0668,0.0073,0.5659
236,7.867,stop,0.5644,0.0094,0.3518,0.0672,0.0072,0.5644
238,7.933,stop,0.5625,0.0094,0.3536,0.0674,0.0071,0.5625
240,8.0,stop,0.5609,0.0094,0.3553,0.0674,0.0070,0.5609
242,8.067,stop,0.5590,0.0093,0.3580,0.0668,0.0070,0.5590
244,8.133,stop,0.5591,0.0093,0.3573,0.0673,0.0071,0.5591
246,8.2,stop,0.5608,0.0093,0.3555,0.0674,0.0071,0.5608
248,8.267,stop,0.5598,0.0092,0.3571,0.0668,0.0071,0.5598
250,8.333,stop,0.5613,0.0092,0.3545,0.0679,0.0072,0.5613
252,8.4,stop,0.5617,0.0093,0.3530,0.0687,0.0073,0.5617
254,8.467,stop,0.5611,0.0095,0.3520,0.0700,0.0073,0.5611
256,8.533,stop,0.5624,0.0093,0.3520,0.0691,0.0073,0.5624
258,8.6,stop,0.5624,0.0093,0.3519,0.0691,0.0073,0.5624
260,8.667,stop,0.5627,0.0095,0.3505,0.0701,0.0073,0.5627
262,8.733,stop,0.5653,0.0096,0.3478,0.0702,0.0072,0.5653
264,8.8,stop,0.5677,0.0096,0.3454,0.0701,0.0072,0.5677
266,8.867,stop,0.5695,0.0097,0.3444,0.0692,0.0071,0.5695
268,8.933,stop,0.5708,0.0096,0.3440,0.0685,0.0071,0.5708
270,9.0,stop,0.5721,0.0096,0.3442,0.0671,0.0071,0.5721
272,9.067,stop,0.5739,0.0095,0.3435,0.0660,0.0071,0.5739
274,9.133,stop,0.5748,0.0094,0.3440,0.0648,0.0071,0.5748
276,9.2,stop,0.5756,0.0094,0.3433,0.0645,0.0072,0.5756
278,9.267,stop,0.5730,0.0092,0.3477,0.0630,0.0071,0.5730
280,9.333,stop,0.5710,0.0092,0.3500,0.0627,0.0071,0.5710
282,9.4,stop,0.5685,0.0092,0.3532,0.0620,0.0071,0.5685
284,9.467,stop,0.5655,0.0092,0.3568,0.0612,0.0072,0.5655
16,0.533,stop,0.8857,0.0163,0.0126,0.0045,0.0808,0.8857
18,0.6,stop,0.8855,0.0160,0.0124,0.0044,0.0816,0.8855
20,0.667,stop,0.8964,0.0156,0.0121,0.0041,0.0718,0.8964
22,0.733,stop,0.9036,0.0146,0.0116,0.0043,0.0659,0.9036
24,0.8,stop,0.9195,0.0129,0.0109,0.0038,0.0528,0.9195
26,0.867,stop,0.9201,0.0131,0.0110,0.0039,0.0518,0.9201
28,0.933,stop,0.9208,0.0139,0.0111,0.0041,0.0501,0.9208
30,1.0,stop,0.9210,0.0150,0.0114,0.0044,0.0483,0.9210
32,1.067,stop,0.9211,0.0156,0.0115,0.0045,0.0473,0.9211
34,1.133,stop,0.9214,0.0163,0.0117,0.0047,0.0459,0.9214
36,1.2,stop,0.9211,0.0168,0.0119,0.0047,0.0455,0.9211
38,1.267,stop,0.9207,0.0170,0.0120,0.0047,0.0456,0.9207
40,1.333,stop,0.9209,0.0170,0.0120,0.0047,0.0454,0.9209
42,1.4,stop,0.9206,0.0169,0.0119,0.0046,0.0460,0.9206
44,1.467,stop,0.9206,0.0175,0.0120,0.0046,0.0453,0.9206
46,1.533,stop,0.9198,0.0183,0.0122,0.0048,0.0448,0.9198
48,1.6,stop,0.9186,0.0183,0.0123,0.0049,0.0459,0.9186
50,1.667,stop,0.9177,0.0178,0.0122,0.0048,0.0474,0.9177
52,1.733,stop,0.9171,0.0176,0.0121,0.0048,0.0484,0.9171
54,1.8,stop,0.9160,0.0175,0.0120,0.0048,0.0498,0.9160
56,1.867,stop,0.9157,0.0173,0.0118,0.0046,0.0506,0.9157
58,1.933,stop,0.9148,0.0174,0.0117,0.0045,0.0516,0.9148
60,2.0,stop,0.9137,0.0178,0.0116,0.0044,0.0524,0.9137
62,2.067,stop,0.9133,0.0194,0.0119,0.0045,0.0509,0.9133
64,2.133,stop,0.9135,0.0201,0.0120,0.0045,0.0499,0.9135
66,2.2,stop,0.9137,0.0193,0.0119,0.0044,0.0507,0.9137
68,2.267,stop,0.9145,0.0195,0.0119,0.0045,0.0497,0.9145
70,2.333,stop,0.9158,0.0192,0.0118,0.0045,0.0487,0.9158
72,2.4,stop,0.9166,0.0192,0.0118,0.0045,0.0479,0.9166
74,2.467,stop,0.9177,0.0190,0.0118,0.0045,0.0471,0.9177
76,2.533,stop,0.9184,0.0186,0.0117,0.0045,0.0469,0.9184
78,2.6,stop,0.9188,0.0187,0.0118,0.0045,0.0461,0.9188
80,2.667,stop,0.9195,0.0181,0.0118,0.0045,0.0461,0.9195
82,2.733,stop,0.9199,0.0176,0.0116,0.0044,0.0465,0.9199
84,2.8,stop,0.9194,0.0170,0.0115,0.0043,0.0477,0.9194
86,2.867,stop,0.9189,0.0168,0.0115,0.0043,0.0485,0.9189
88,2.933,stop,0.9186,0.0170,0.0115,0.0043,0.0485,0.9186
90,3.0,stop,0.9169,0.0173,0.0117,0.0045,0.0497,0.9169
16,0.533,stop,0.9602,0.0043,0.0150,0.0089,0.0115,0.9602
18,0.6,stop,0.9611,0.0042,0.0149,0.0087,0.0112,0.9611
20,0.667,stop,0.9657,0.0037,0.0138,0.0071,0.0097,0.9657
22,0.733,stop,0.9672,0.0035,0.0135,0.0073,0.0084,0.9672
24,0.8,stop,0.9664,0.0036,0.0137,0.0072,0.0090,0.9664
26,0.867,stop,0.9649,0.0038,0.0143,0.0069,0.0101,0.9649
28,0.933,stop,0.9590,0.0044,0.0159,0.0072,0.0135,0.9590
30,1.0,stop,0.9480,0.0058,0.0189,0.0076,0.0196,0.9480
32,1.067,stop,0.9395,0.0071,0.0218,0.0072,0.0244,0.9395
34,1.133,stop,0.9324,0.0083,0.0244,0.0064,0.0286,0.9324
36,1.2,stop,0.9258,0.0095,0.0269,0.0057,0.0321,0.9258
38,1.267,stop,0.9228,0.0107,0.0293,0.0051,0.0321,0.9228
40,1.333,stop,0.9210,0.0120,0.0310,0.0047,0.0314,0.9210
42,1.4,stop,0.9301,0.0108,0.0305,0.0038,0.0248,0.9301
44,1.467,stop,0.9409,0.0094,0.0290,0.0030,0.0177,0.9409
46,1.533,stop,0.9420,0.0096,0.0283,0.0031,0.0170,0.9420
48,1.6,stop,0.9418,0.0100,0.0283,0.0033,0.0165,0.9418
50,1.667,stop,0.9411,0.0105,0.0285,0.0035,0.0163,0.9411
52,1.733,stop,0.9394,0.0112,0.0290,0.0037,0.0167,0.9394
54,1.8,stop,0.9393,0.0114,0.0292,0.0037,0.0165,0.9393
56,1.867,stop,0.9373,0.0122,0.0300,0.0040,0.0165,0.9373
58,1.933,stop,0.9338,0.0129,0.0308,0.0041,0.0184,0.9338
60,2.0,stop,0.9263,0.0128,0.0318,0.0044,0.0248,0.9263
62,2.067,stop,0.9222,0.0126,0.0324,0.0044,0.0285,0.9222
64,2.133,stop,0.9205,0.0122,0.0325,0.0044,0.0304,0.9205
66,2.2,stop,0.9213,0.0117,0.0323,0.0043,0.0303,0.9213
68,2.267,stop,0.9222,0.0118,0.0320,0.0044,0.0296,0.9222
70,2.333,stop,0.9222,0.0120,0.0319,0.0045,0.0293,0.9222
72,2.4,stop,0.9245,0.0123,0.0319,0.0047,0.0266,0.9245
74,2.467,stop,0.9387,0.0109,0.0302,0.0041,0.0161,0.9387
76,2.533,stop,0.9395,0.0107,0.0303,0.0040,0.0156,0.9395
78,2.6,stop,0.9399,0.0104,0.0305,0.0038,0.0153,0.9399
80,2.667,stop,0.9408,0.0103,0.0303,0.0037,0.0149,0.9408
82,2.733,stop,0.9410,0.0101,0.0302,0.0036,0.0151,0.9410
84,2.8,stop,0.9422,0.0096,0.0300,0.0034,0.0149,0.9422
86,2.867,stop,0.9418,0.0098,0.0302,0.0034,0.0147,0.9418
88,2.933,stop,0.9416,0.0100,0.0304,0.0034,0.0145,0.9416
90,3.0,stop,0.9406,0.0102,0.0308,0.0034,0.0149,0.9406
92,3.067,stop,0.9396,0.0103,0.0312,0.0034,0.0155,0.9396
94,3.133,stop,0.9388,0.0104,0.0311,0.0033,0.0164,0.9388
96,3.2,stop,0.9381,0.0102,0.0313,0.0032,0.0172,0.9381
98,3.267,stop,0.9396,0.0096,0.0308,0.0030,0.0171,0.9396
100,3.333,stop,0.9402,0.0092,0.0302,0.0029,0.0174,0.9402
102,3.4,stop,0.9416,0.0088,0.0292,0.0029,0.0175,0.9416
104,3.467,stop,0.9428,0.0088,0.0284,0.0030,0.0171,0.9428
106,3.533,stop,0.9450,0.0085,0.0272,0.0031,0.0161,0.9450
108,3.6,stop,0.9475,0.0081,0.0257,0.0033,0.0154,0.9475
110,3.667,stop,0.9516,0.0074,0.0240,0.0033,0.0138,0.9516
112,3.733,stop,0.9542,0.0069,0.0226,0.0033,0.0130,0.9542
114,3.8,stop,0.9569,0.0064,0.0213,0.0033,0.0120,0.9569
116,3.867,stop,0.9591,0.0059,0.0202,0.0033,0.0115,0.9591
118,3.933,stop,0.9599,0.0057,0.0197,0.0032,0.0116,0.9599
120,4.0,stop,0.9513,0.0076,0.0217,0.0043,0.0151,0.9513
122,4.067,stop,0.9450,0.0087,0.0234,0.0049,0.0181,0.9450
124,4.133,stop,0.9417,0.0092,0.0240,0.0051,0.0200,0.9417
126,4.2,stop,0.9401,0.0092,0.0243,0.0052,0.0212,0.9401
128,4.267,stop,0.9395,0.0093,0.0247,0.0052,0.0214,0.9395
130,4.333,stop,0.9400,0.0089,0.0247,0.0050,0.0214,0.9400
132,4.4,stop,0.9437,0.0080,0.0241,0.0045,0.0196,0.9437
134,4.467,stop,0.9544,0.0066,0.0215,0.0033,0.0141,0.9544
136,4.533,stop,0.9592,0.0060,0.0203,0.0034,0.0110,0.9592
138,4.6,stop,0.9591,0.0061,0.0204,0.0035,0.0110,0.9591
140,4.667,stop,0.9589,0.0061,0.0205,0.0034,0.0111,0.9589
142,4.733,stop,0.9586,0.0061,0.0206,0.0033,0.0114,0.9586
144,4.8,stop,0.9578,0.0062,0.0208,0.0032,0.0120,0.9578
146,4.867,stop,0.9568,0.0063,0.0212,0.0032,0.0126,0.9568
148,4.933,stop,0.9500,0.0074,0.0228,0.0036,0.0163,0.9500
150,5.0,stop,0.9364,0.0095,0.0260,0.0042,0.0239,0.9364
152,5.067,stop,0.9227,0.0121,0.0298,0.0050,0.0305,0.9227
154,5.133,stop,0.9097,0.0147,0.0337,0.0054,0.0365,0.9097
156,5.2,stop,0.8500,0.0210,0.0390,0.0070,0.0830,0.8500
158,5.267,stop,0.7619,0.0268,0.0425,0.0082,0.1606,0.7619
160,5.333,stop,0.6994,0.0311,0.0450,0.0086,0.2159,0.6994
162,5.4,stop,0.7265,0.0330,0.0494,0.0082,0.1829,0.7265
164,5.467,stop,0.8006,0.0342,0.0548,0.0076,0.1028,0.8006
166,5.533,stop,0.8094,0.0358,0.0561,0.0073,0.0914,0.8094
168,5.6,stop,0.8304,0.0359,0.0563,0.0071,0.0703,0.8304
170,5.667,stop,0.8610,0.0330,0.0565,0.0062,0.0433,0.8610
172,5.733,stop,0.8935,0.0291,0.0556,0.0053,0.0164,0.8935
174,5.8,stop,0.8897,0.0296,0.0580,0.0056,0.0171,0.8897
176,5.867,stop,0.8865,0.0303,0.0599,0.0058,0.0175,0.8865
178,5.933,stop,0.8828,0.0323,0.0622,0.0059,0.0168,0.8828
180,6.0,stop,0.8806,0.0335,0.0634,0.0059,0.0166,0.8806
182,6.067,stop,0.8785,0.0343,0.0644,0.0060,0.0168,0.8785
184,6.133,stop,0.8776,0.0354,0.0646,0.0059,0.0164,0.8776
186,6.2,stop,0.8767,0.0364,0.0643,0.0059,0.0167,0.8767
188,6.267,stop,0.8753,0.0373,0.0644,0.0059,0.0171,0.8753
190,6.333,stop,0.8755,0.0373,0.0640,0.0059,0.0174,0.8755
192,6.4,stop,0.8756,0.0365,0.0639,0.0058,0.0182,0.8756
194,6.467,stop,0.8771,0.0353,0.0636,0.0056,0.0183,0.8771
196,6.533,stop,0.8791,0.0342,0.0629,0.0054,0.0183,0.8791
198,6.6,stop,0.8808,0.0336,0.0621,0.0052,0.0183,0.8808
200,6.667,stop,0.8814,0.0336,0.0619,0.0052,0.0179,0.8814
202,6.733,stop,0.8805,0.0344,0.0621,0.0053,0.0177,0.8805
204,6.8,stop,0.8785,0.0357,0.0625,0.0056,0.0178,0.8785
206,6.867,stop,0.8782,0.0370,0.0618,0.0057,0.0174,0.8782
208,6.933,stop,0.8745,0.0393,0.0621,0.0061,0.0180,0.8745
210,7.0,stop,0.8724,0.0395,0.0633,0.0062,0.0187,0.8724
212,7.067,stop,0.8729,0.0383,0.0640,0.0059,0.0188,0.8729
214,7.133,stop,0.8732,0.0379,0.0643,0.0057,0.0189,0.8732
216,7.2,stop,0.8740,0.0370,0.0642,0.0055,0.0194,0.8740
218,7.267,stop,0.8768,0.0354,0.0631,0.0053,0.0195,0.8768
220,7.333,stop,0.8772,0.0347,0.0630,0.0051,0.0201,0.8772
222,7.4,stop,0.8792,0.0346,0.0618,0.0048,0.0196,0.8792
224,7.467,stop,0.8790,0.0346,0.0615,0.0049,0.0201,0.8790
226,7.533,stop,0.8787,0.0355,0.0607,0.0050,0.0200,0.8787
228,7.6,stop,0.8780,0.0363,0.0602,0.0052,0.0203,0.8780
