frame,time,pred_class,conf,prob_walk,prob_lick,prob_scratch,prob_shake,prob_stop
16,0.533,stop,0.9756,0.0039,0.0063,0.0031,0.0112,0.9756
18,0.6,stop,0.9787,0.0033,0.0057,0.0032,0.0091,0.9787
20,0.667,stop,0.9841,0.0019,0.0049,0.0027,0.0064,0.9841
22,0.733,stop,0.9844,0.0019,0.0050,0.0029,0.0058,0.9844
24,0.8,stop,0.9844,0.0020,0.0052,0.0031,0.0054,0.9844
26,0.867,stop,0.9833,0.0023,0.0056,0.0032,0.0057,0.9833
28,0.933,stop,0.9825,0.0026,0.0063,0.0033,0.0052,0.9825
30,1.0,stop,0.9830,0.0025,0.0066,0.0031,0.0047,0.9830
32,1.067,stop,0.9822,0.0028,0.0071,0.0031,0.0048,0.9822
34,1.133,stop,0.9802,0.0040,0.0076,0.0036,0.0046,0.9802
36,1.2,stop,0.9780,0.0052,0.0080,0.0041,0.0046,0.9780
38,1.267,stop,0.9762,0.0051,0.0079,0.0052,0.0055,0.9762
40,1.333,stop,0.9718,0.0054,0.0080,0.0063,0.0083,0.9718
42,1.4,stop,0.9657,0.0064,0.0085,0.0073,0.0121,0.9657
44,1.467,stop,0.9515,0.0074,0.0092,0.0088,0.0231,0.9515
46,1.533,stop,0.9402,0.0071,0.0093,0.0082,0.0352,0.9402
48,1.6,stop,0.9276,0.0067,0.0093,0.0067,0.0497,0.9276
50,1.667,stop,0.9156,0.0086,0.0095,0.0062,0.0601,0.9156
52,1.733,stop,0.9137,0.0105,0.0098,0.0056,0.0604,0.9137
54,1.8,stop,0.9262,0.0112,0.0091,0.0048,0.0487,0.9262
56,1.867,stop,0.9292,0.0134,0.0093,0.0050,0.0431,0.9292
58,1.933,stop,0.9468,0.0161,0.0088,0.0045,0.0237,0.9468
60,2.0,stop,0.9447,0.0183,0.0093,0.0050,0.0227,0.9447
62,2.067,stop,0.9430,0.0181,0.0094,0.0053,0.0242,0.9430
64,2.133,stop,0.9404,0.0190,0.0100,0.0057,0.0250,0.9404
66,2.2,stop,0.9356,0.0196,0.0107,0.0063,0.0279,0.9356
68,2.267,stop,0.9364,0.0204,0.0113,0.0064,0.0255,0.9364
70,2.333,stop,0.9358,0.0170,0.0109,0.0063,0.0299,0.9358
72,2.4,stop,0.9339,0.0149,0.0107,0.0059,0.0345,0.9339
74,2.467,stop,0.9296,0.0152,0.0114,0.0063,0.0376,0.9296
76,2.533,stop,0.9261,0.0176,0.0124,0.0071,0.0369,0.9261
78,2.6,stop,0.9234,0.0244,0.0137,0.0077,0.0308,0.9234
80,2.667,stop,0.9117,0.0351,0.0155,0.0091,0.0286,0.9117
82,2.733,stop,0.8988,0.0505,0.0162,0.0103,0.0241,0.8988
84,2.8,stop,0.9151,0.0408,0.0163,0.0091,0.0188,0.9151
86,2.867,stop,0.9144,0.0420,0.0167,0.0090,0.0180,0.9144
88,2.933,stop,0.9200,0.0372,0.0161,0.0086,0.0181,0.9200
90,3.0,stop,0.9352,0.0232,0.0147,0.0071,0.0198,0.9352
92,3.067,stop,0.9413,0.0179,0.0137,0.0062,0.0210,0.9413
94,3.133,stop,0.9435,0.0160,0.0132,0.0056,0.0216,0.9435
96,3.2,stop,0.9436,0.0158,0.0132,0.0057,0.0217,0.9436
98,3.267,stop,0.9425,0.0172,0.0135,0.0059,0.0210,0.9425
100,3.333,stop,0.9407,0.0189,0.0137,0.0062,0.0205,0.9407
102,3.4,stop,0.9377,0.0216,0.0144,0.0065,0.0198,0.9377
104,3.467,stop,0.9358,0.0233,0.0147,0.0067,0.0195,0.9358
106,3.533,stop,0.9332,0.0253,0.0150,0.0068,0.0196,0.9332
108,3.6,stop,0.9323,0.0265,0.0152,0.0070,0.0190,0.9323
110,3.667,stop,0.9305,0.0277,0.0146,0.0072,0.0200,0.9305
112,3.733,stop,0.9331,0.0249,0.0144,0.0067,0.0209,0.9331
114,3.8,stop,0.9344,0.0240,0.0142,0.0065,0.0208,0.9344
116,3.867,stop,0.9361,0.0223,0.0141,0.0063,0.0212,0.9361
118,3.933,stop,0.9368,0.0219,0.0140,0.0063,0.0210,0.9368
120,4.0,stop,0.9377,0.0211,0.0139,0.0061,0.0213,0.9377
122,4.067,stop,0.9374,0.0213,0.0139,0.0062,0.0211,0.9374
124,4.133,stop,0.9393,0.0179,0.0131,0.0060,0.0237,0.9393
126,4.2,stop,0.9334,0.0216,0.0132,0.0072,0.0246,0.9334
128,4.267,stop,0.9310,0.0236,0.0130,0.0077,0.0247,0.9310
130,4.333,stop,0.9268,0.0230,0.0126,0.0086,0.0290,0.9268
132,4.4,stop,0.9274,0.0208,0.0116,0.0084,0.0319,0.9274
134,4.467,stop,0.9228,0.0207,0.0111,0.0087,0.0366,0.9228
136,4.533,stop,0.9139,0.0215,0.0106,0.0095,0.0445,0.9139
138,4.6,stop,0.8875,0.0249,0.0112,0.0119,0.0645,0.8875
140,4.667,stop,0.8133,0.0286,0.0122,0.0121,0.1338,0.8133
142,4.733,stop,0.6301,0.0365,0.0124,0.0157,0.3052,0.6301
144,4.8,shake,0.6321,0.0263,0.0081,0.0125,0.6321,0.3208
146,4.867,shake,0.7705,0.0149,0.0059,0.0090,0.7705,0.1997
148,4.933,shake,0.8012,0.0136,0.0055,0.0085,0.8012,0.1712
150,5.0,shake,0.7127,0.0153,0.0073,0.0099,0.7127,0.2548
152,5.067,stop,0.4997,0.0095,0.0093,0.0097,0.4717,0.4997
154,5.133,stop,0.8043,0.0061,0.0097,0.0078,0.1721,0.8043
156,5.2,stop,0.9203,0.0043,0.0085,0.0067,0.0603,0.9203
158,5.267,stop,0.9789,0.0025,0.0055,0.0042,0.0089,0.9789
160,5.333,stop,0.9828,0.0019,0.0049,0.0046,0.0058,0.9828
162,5.4,stop,0.9833,0.0018,0.0048,0.0052,0.0050,0.9833
164,5.467,stop,0.9831,0.0017,0.0049,0.0057,0.0045,0.9831
166,5.533,stop,0.9827,0.0018,0.0049,0.0064,0.0042,0.9827
168,5.6,stop,0.9822,0.0019,0.0050,0.0072,0.0038,0.9822
170,5.667,stop,0.9823,0.0018,0.0048,0.0075,0.0035,0.9823
172,5.733,stop,0.9826,0.0018,0.0048,0.0075,0.0034,0.9826
174,5.8,stop,0.9826,0.0018,0.0046,0.0078,0.0032,0.9826
176,5.867,stop,0.9827,0.0018,0.0046,0.0077,0.0032,0.9827
178,5.933,stop,0.9830,0.0017,0.0045,0.0077,0.0031,0.9830
180,6.0,stop,0.9834,0.0016,0.0044,0.0075,0.0031,0.9834
182,6.067,stop,0.9842,0.0015,0.0042,0.0070,0.0031,0.9842
184,6.133,stop,0.9844,0.0014,0.0041,0.0069,0.0031,0.9844
186,6.2,stop,0.9845,0.0015,0.0041,0.0068,0.0031,0.9845
188,6.267,stop,0.9847,0.0015,0.0041,0.0067,0.0030,0.9847
190,6.333,stop,0.9848,0.0016,0.0041,0.0067,0.0029,0.9848
192,6.4,stop,0.9849,0.0016,0.0039,0.0068,0.0028,0.9849
194,6.467,stop,0.9849,0.0018,0.0039,0.0068,0.0026,0.9849
196,6.533,stop,0.9851,0.0018,0.0037,0.0069,0.0025,0.9851
198,6.6,stop,0.9852,0.0019,0.0037,0.0068,0.0024,0.9852
200,6.667,stop,0.9850,0.0022,0.0036,0.0070,0.0023,0.9850
202,6.733,stop,0.9846,0.0024,0.0036,0.0070,0.0023,0.9846
204,6.8,stop,0.9848,0.0025,0.0036,0.0068,0.0023,0.9848
206,6.867,stop,0.9849,0.0024,0.0037,0.0064,0.0025,0.9849
208,6.933,stop,0.9856,0.0023,0.0037,0.0058,0.0026,0.9856
210,7.0,stop,0.9860,0.0023,0.0038,0.0052,0.0027,0.9860
212,7.067,stop,0.9868,0.0021,0.0038,0.0045,0.0029,0.9868
214,7.133,stop,0.9882,0.0017,0.0036,0.0035,0.0030,0.9882
216,7.2,stop,0.9885,0.0015,0.0035,0.0033,0.0031,0.9885
218,7.267,stop,0.9884,0.0016,0.0035,0.0033,0.0032,0.9884
220,7.333,stop,0.9888,0.0016,0.0035,0.0031,0.0031,0.9888
222,7.4,stop,0.9891,0.0015,0.0034,0.0028,0.0031,0.9891
224,7.467,stop,0.9895,0.0014,0.0034,0.0026,0.0031,0.9895
226,7.533,stop,0.9893,0.0015,0.0035,0.0026,0.0031,0.9893
228,7.6,stop,0.9892,0.0015,0.0036,0.0025,0.0031,0.9892
230,7.667,stop,0.9893,0.0015,0.0037,0.0023,0.0032,0.9893
232,7.733,stop,0.9890,0.0015,0.0037,0.0024,0.0034,0.9890
234,7.8,stop,0.9871,0.0016,0.0040,0.0028,0.0046,0.9871
236,7.867,stop,0.9832,0.0018,0.0046,0.0032,0.0072,0.9832
238,7.933,stop,0.9755,0.0020,0.0055,0.0037,0.0133,0.9755
240,8.0,stop,0.9643,0.0027,0.0065,0.0040,0.0225,0.9643
242,8.067,stop,0.9516,0.0036,0.0078,0.0041,0.0330,0.9516
244,8.133,stop,0.9324,0.0057,0.0097,0.0044,0.0478,0.9324
246,8.2,stop,0.8975,0.0112,0.0127,0.0055,0.0731,0.8975
248,8.267,stop,0.8828,0.0186,0.0145,0.0055,0.0785,0.8828
250,8.333,stop,0.8924,0.0423,0.0152,0.0060,0.0441,0.8924
252,8.4,stop,0.8889,0.0620,0.0149,0.0061,0.0281,0.8889
254,8.467,stop,0.8572,0.0995,0.0153,0.0065,0.0215,0.8572
256,8.533,stop,0.8726,0.0858,0.0144,0.0066,0.0206,0.8726
258,8.6,stop,0.9064,0.0571,0.0126,0.0059,0.0181,0.9064
260,8.667,stop,0.9284,0.0333,0.0115,0.0059,0.0209,0.9284
262,8.733,stop,0.9369,0.0217,0.0106,0.0058,0.0251,0.9369
264,8.8,stop,0.9427,0.0108,0.0095,0.0043,0.0327,0.9427
266,8.867,stop,0.9361,0.0094,0.0098,0.0040,0.0407,0.9361
268,8.933,stop,0.9364,0.0090,0.0097,0.0036,0.0412,0.9364
270,9.0,stop,0.9302,0.0099,0.0105,0.0035,0.0460,0.9302
272,9.067,stop,0.9269,0.0104,0.0111,0.0032,0.0484,0.9269
274,9.133,stop,0.9481,0.0115,0.0102,0.0026,0.0277,0.9481
276,9.2,stop,0.9508,0.0113,0.0104,0.0023,0.0253,0.9508
278,9.267,stop,0.9533,0.0133,0.0107,0.0023,0.0204,0.9533
280,9.333,stop,0.9551,0.0122,0.0105,0.0020,0.0203,0.9551
282,9.4,stop,0.9537,0.0127,0.0106,0.0021,0.0209,0.9537
284,9.467,stop,0.9479,0.0136,0.0112,0.0023,0.0251,0.9479
286,9.533,stop,0.9282,0.0159,0.0123,0.0028,0.0408,0.9282
288,9.6,stop,0.9044,0.0214,0.0140,0.0032,0.0570,0.9044
290,9.667,stop,0.8686,0.0276,0.0160,0.0036,0.0842,0.8686
292,9.733,stop,0.8361,0.0345,0.0182,0.0038,0.1075,0.8361
294,9.8,stop,0.7717,0.0529,0.0207,0.0044,0.1503,0.7717
296,9.867,stop,0.7062,0.0780,0.0230,0.0050,0.1878,0.7062
298,9.933,stop,0.7058,0.0947,0.0249,0.0056,0.1690,0.7058
300,10.0,stop,0.7723,0.0888,0.0264,0.0050,0.1075,0.7723
302,10.067,stop,0.7663,0.1099,0.0271,0.0057,0.0909,0.7663
304,10.133,stop,0.7170,0.1849,0.0280,0.0069,0.0631,0.7170
306,10.2,stop,0.5930,0.3251,0.0273,0.0082,0.0464,0.5930
308,10.267,stop,0.6486,0.2736,0.0264,0.0091,0.0423,0.6486
310,10.333,stop,0.6554,0.2734,0.0243,0.0095,0.0374,0.6554
312,10.4,stop,0.7542,0.1659,0.0235,0.0085,0.0478,0.7542
314,10.467,stop,0.7645,0.1414,0.0248,0.0094,0.0599,0.7645
316,10.533,stop,0.7531,0.1195,0.0257,0.0103,0.0914,0.7531
318,10.6,stop,0.7773,0.0695,0.0230,0.0085,0.1218,0.7773
320,10.667,stop,0.7583,0.0691,0.0234,0.0081,0.1412,0.7583
322,10.733,stop,0.7259,0.0887,0.0248,0.0090,0.1516,0.7259
324,10.8,shake,0.9216,0.0033,0.0019,0.0029,0.9216,0.0703
326,10.867,stop,0.7589,0.0790,0.0186,0.0106,0.1330,0.7589
328,10.933,stop,0.8141,0.0490,0.0160,0.0076,0.1132,0.8141
330,11.0,stop,0.8562,0.0447,0.0147,0.0064,0.0781,0.8562
332,11.067,stop,0.8578,0.0594,0.0150,0.0071,0.0607,0.8578
334,11.133,stop,0.8597,0.0675,0.0148,0.0072,0.0508,0.8597
336,11.2,stop,0.8295,0.1046,0.0156,0.0076,0.0427,0.8295
338,11.267,stop,0.8219,0.1219,0.0156,0.0070,0.0337,0.8219
340,11.333,stop,0.8155,0.1303,0.0154,0.0073,0.0314,0.8155
342,11.4,stop,0.8054,0.1492,0.0146,0.0068,0.0240,0.8054
344,11.467,stop,0.8837,0.0700,0.0135,0.0052,0.0276,0.8837
346,11.533,stop,0.9117,0.0415,0.0124,0.0042,0.0302,0.9117
348,11.6,stop,0.9255,0.0262,0.0114,0.0034,0.0335,0.9255
350,11.667,stop,0.9328,0.0177,0.0102,0.0027,0.0365,0.9328
352,11.733,stop,0.9338,0.0180,0.0102,0.0028,0.0352,0.9338
354,11.8,stop,0.9338,0.0170,0.0106,0.0029,0.0358,0.9338
356,11.867,stop,0.9305,0.0185,0.0113,0.0030,0.0368,0.9305
358,11.933,stop,0.9280,0.0200,0.0119,0.0031,0.0371,0.9280
360,12.0,stop,0.9230,0.0199,0.0119,0.0031,0.0421,0.9230
362,12.067,stop,0.9191,0.0201,0.0120,0.0030,0.0458,0.9191
364,12.133,stop,0.9144,0.0220,0.0124,0.0031,0.0481,0.9144
366,12.2,stop,0.9122,0.0204,0.0123,0.0029,0.0522,0.9122
368,12.267,stop,0.9155,0.0192,0.0122,0.0027,0.0504,0.9155
370,12.333,stop,0.9137,0.0191,0.0120,0.0028,0.0525,0.9137
372,12.4,stop,0.9127,0.0187,0.0121,0.0029,0.0536,0.9127
374,12.467,stop,0.9169,0.0186,0.0125,0.0030,0.0489,0.9169
376,12.533,stop,0.9171,0.0197,0.0132,0.0033,0.0467,0.9171
378,12.6,stop,0.9192,0.0209,0.0140,0.0035,0.0424,0.9192
380,12.667,stop,0.9180,0.0233,0.0147,0.0038,0.0401,0.9180
382,12.733,stop,0.9154,0.0282,0.0151,0.0042,0.0371,0.9154
384,12.8,shake,0.6855,0.0050,0.0054,0.0043,0.6855,0.2998
386,12.867,shake,0.6814,0.0060,0.0058,0.0048,0.6814,0.3021
388,12.933,shake,0.6887,0.0062,0.0057,0.0048,0.6887,0.2945
390,13.0,shake,0.6813,0.0063,0.0058,0.0048,0.6813,0.3019
392,13.067,shake,0.6801,0.0064,0.0059,0.0048,0.6801,0.3028
394,13.133,shake,0.6628,0.0066,0.0061,0.0047,0.6628,0.3197
396,13.2,shake,0.6413,0.0084,0.0067,0.0053,0.6413,0.3384
16,0.533,stop,0.9144,0.0028,0.0707,0.0084,0.0037,0.9144
18,0.6,stop,0.9144,0.0029,0.0706,0.0085,0.0036,0.9144
20,0.667,stop,0.9114,0.0031,0.0732,0.0087,0.0036,0.9114
22,0.733,stop,0.9076,0.0034,0.0765,0.0090,0.0036,0.9076
24,0.8,stop,0.9075,0.0032,0.0767,0.0089,0.0037,0.9075
26,0.867,stop,0.9067,0.0031,0.0775,0.0089,0.0037,0.9067
28,0.933,stop,0.9089,0.0029,0.0762,0.0084,0.0036,0.9089
30,1.0,stop,0.9117,0.0027,0.0731,0.0086,0.0039,0.9117
32,1.067,stop,0.9140,0.0026,0.0709,0.0085,0.0039,0.9140
34,1.133,stop,0.9172,0.0026,0.0675,0.0087,0.0039,0.9172
36,1.2,stop,0.9155,0.0028,0.0686,0.0092,0.0039,0.9155
38,1.267,stop,0.9135,0.0031,0.0697,0.0097,0.0039,0.9135
40,1.333,stop,0.9107,0.0034,0.0722,0.0099,0.0038,0.9107
42,1.4,stop,0.9098,0.0035,0.0729,0.0100,0.0038,0.9098
44,1.467,stop,0.9095,0.0035,0.0735,0.0099,0.0036,0.9095
46,1.533,stop,0.9122,0.0033,0.0720,0.0093,0.0032,0.9122
48,1.6,stop,0.9158,0.0027,0.0699,0.0083,0.0033,0.9158
50,1.667,stop,0.9164,0.0027,0.0695,0.0082,0.0033,0.9164
52,1.733,stop,0.9179,0.0026,0.0680,0.0082,0.0033,0.9179
54,1.8,stop,0.9187,0.0025,0.0672,0.0083,0.0033,0.9187
56,1.867,stop,0.9169,0.0025,0.0674,0.0093,0.0039,0.9169
58,1.933,stop,0.9173,0.0027,0.0660,0.0098,0.0042,0.9173
60,2.0,stop,0.9196,0.0028,0.0620,0.0109,0.0047,0.9196
62,2.067,stop,0.9255,0.0029,0.0552,0.0116,0.0048,0.9255
64,2.133,stop,0.9314,0.0030,0.0482,0.0126,0.0047,0.9314
66,2.2,stop,0.9369,0.0033,0.0421,0.0132,0.0045,0.9369
68,2.267,stop,0.9416,0.0034,0.0361,0.0146,0.0043,0.9416
70,2.333,stop,0.9511,0.0030,0.0292,0.0135,0.0033,0.9511
72,2.4,stop,0.9547,0.0030,0.0263,0.0130,0.0030,0.9547
74,2.467,stop,0.9564,0.0031,0.0251,0.0126,0.0028,0.9564
76,2.533,stop,0.9560,0.0035,0.0251,0.0127,0.0027,0.9560
78,2.6,stop,0.9557,0.0037,0.0254,0.0125,0.0027,0.9557
80,2.667,stop,0.9550,0.0037,0.0261,0.0124,0.0028,0.9550
82,2.733,stop,0.9532,0.0041,0.0275,0.0123,0.0029,0.9532
84,2.8,stop,0.9523,0.0042,0.0286,0.0120,0.0029,0.9523
86,2.867,stop,0.9508,0.0043,0.0301,0.0117,0.0031,0.9508
88,2.933,stop,0.9510,0.0040,0.0303,0.0115,0.0032,0.9510
90,3.0,stop,0.9505,0.0041,0.0306,0.0116,0.0033,0.9505
92,3.067,stop,0.9496,0.0042,0.0313,0.0116,0.0033,0.9496
94,3.133,stop,0.9482,0.0042,0.0326,0.0116,0.0035,0.9482
96,3.2,stop,0.9494,0.0037,0.0321,0.0111,0.0036,0.9494
98,3.267,stop,0.9514,0.0034,0.0308,0.0107,0.0036,0.9514
100,3.333,stop,0.9517,0.0034,0.0307,0.0106,0.0036,0.9517
102,3.4,stop,0.9518,0.0033,0.0307,0.0107,0.0035,0.9518
104,3.467,stop,0.9524,0.0031,0.0301,0.0108,0.0036,0.9524
106,3.533,stop,0.9537,0.0028,0.0290,0.0109,0.0036,0.9537
108,3.6,stop,0.9537,0.0026,0.0278,0.0120,0.0039,0.9537
110,3.667,stop,0.9521,0.0026,0.0279,0.0131,0.0043,0.9521
112,3.733,stop,0.9512,0.0026,0.0280,0.0139,0.0044,0.9512
114,3.8,stop,0.9460,0.0029,0.0293,0.0168,0.0050,0.9460
116,3.867,stop,0.9400,0.0031,0.0323,0.0189,0.0057,0.9400
118,3.933,stop,0.9346,0.0034,0.0367,0.0194,0.0058,0.9346
120,4.0,stop,0.9271,0.0037,0.0448,0.0186,0.0058,0.9271
122,4.067,stop,0.9198,0.0039,0.0537,0.0173,0.0054,0.9198
124,4.133,stop,0.9136,0.0038,0.0629,0.0150,0.0047,0.9136
126,4.2,stop,0.9046,0.0036,0.0740,0.0131,0.0048,0.9046
128,4.267,stop,0.8966,0.0031,0.0846,0.0110,0.0047,0.8966
130,4.333,stop,0.8936,0.0029,0.0904,0.0094,0.0038,0.8936
132,4.4,stop,0.8987,0.0026,0.0856,0.0092,0.0038,0.8987
134,4.467,stop,0.9067,0.0025,0.0768,0.0099,0.0041,0.9067
136,4.533,stop,0.9153,0.0025,0.0680,0.0100,0.0042,0.9153
138,4.6,stop,0.9254,0.0024,0.0577,0.0104,0.0041,0.9254
140,4.667,stop,0.9341,0.0024,0.0484,0.0109,0.0041,0.9341
142,4.733,stop,0.9409,0.0025,0.0408,0.0116,0.0042,0.9409
144,4.8,stop,0.9461,0.0025,0.0346,0.0126,0.0043,0.9461
146,4.867,stop,0.9503,0.0025,0.0297,0.0134,0.0042,0.9503
148,4.933,stop,0.9557,0.0022,0.0248,0.0137,0.0037,0.9557
150,5.0,stop,0.9576,0.0020,0.0224,0.0144,0.0036,0.9576
152,5.067,stop,0.9579,0.0020,0.0213,0.0153,0.0035,0.9579
154,5.133,stop,0.9580,0.0020,0.0206,0.0160,0.0033,0.9580
156,5.2,stop,0.9572,0.0021,0.0214,0.0161,0.0032,0.9572
158,5.267,stop,0.9568,0.0023,0.0220,0.0160,0.0029,0.9568
160,5.333,stop,0.9572,0.0021,0.0225,0.0153,0.0030,0.9572
162,5.4,stop,0.9572,0.0020,0.0233,0.0144,0.0030,0.9572
164,5.467,stop,0.9569,0.0020,0.0245,0.0136,0.0029,0.9569
166,5.533,stop,0.9567,0.0021,0.0245,0.0139,0.0029,0.9567
168,5.6,stop,0.9561,0.0021,0.0246,0.0142,0.0029,0.9561
170,5.667,stop,0.9555,0.0022,0.0248,0.0148,0.0028,0.9555
172,5.733,stop,0.9543,0.0023,0.0254,0.0153,0.0028,0.9543
174,5.8,stop,0.9534,0.0023,0.0250,0.0163,0.0029,0.9534
176,5.867,stop,0.9536,0.0022,0.0255,0.0158,0.0029,0.9536
178,5.933,stop,0.9541,0.0021,0.0256,0.0153,0.0030,0.9541
180,6.0,stop,0.9547,0.0020,0.0256,0.0147,0.0030,0.9547
182,6.067,stop,0.9544,0.0020,0.0258,0.0149,0.0030,0.9544
184,6.133,stop,0.9541,0.0021,0.0266,0.0143,0.0030,0.9541
186,6.2,stop,0.9538,0.0021,0.0262,0.0149,0.0030,0.9538
188,6.267,stop,0.9531,0.0022,0.0267,0.0150,0.0029,0.9531
190,6.333,stop,0.9545,0.0020,0.0271,0.0135,0.0028,0.9545
192,6.4,stop,0.9536,0.0020,0.0268,0.0146,0.0031,0.9536
194,6.467,stop,0.9538,0.0020,0.0260,0.0151,0.0031,0.9538
196,6.533,stop,0.9536,0.0020,0.0262,0.0150,0.0032,0.9536
198,6.6,stop,0.9541,0.0020,0.0256,0.0151,0.0031,0.9541
200,6.667,stop,0.9542,0.0020,0.0254,0.0152,0.0031,0.9542
202,6.733,stop,0.9537,0.0021,0.0253,0.0159,0.0030,0.9537
204,6.8,stop,0.9535,0.0022,0.0252,0.0162,0.0029,0.9535
206,6.867,stop,0.9540,0.0024,0.0251,0.0159,0.0025,0.9540
208,6.933,stop,0.9559,0.0022,0.0251,0.0142,0.0026,0.9559
210,7.0,stop,0.9549,0.0023,0.0261,0.0140,0.0027,0.9549
212,7.067,stop,0.9544,0.0023,0.0265,0.0140,0.0028,0.9544
214,7.133,stop,0.9538,0.0024,0.0268,0.0141,0.0028,0.9538
216,7.2,stop,0.9535,0.0024,0.0272,0.0140,0.0029,0.9535
218,7.267,stop,0.9535,0.0023,0.0273,0.0139,0.0030,0.9535
220,7.333,stop,0.9539,0.0021,0.0270,0.0139,0.0031,0.9539
222,7.4,stop,0.9554,0.0019,0.0261,0.0134,0.0031,0.9554
224,7.467,stop,0.9568,0.0019,0.0248,0.0134,0.0031,0.9568
226,7.533,stop,0.9574,0.0017,0.0240,0.0137,0.0032,0.9574
228,7.6,stop,0.9572,0.0017,0.0234,0.0143,0.0034,0.9572
230,7.667,stop,0.9574,0.0017,0.0233,0.0143,0.0033,0.9574
232,7.733,stop,0.9566,0.0019,0.0234,0.0149,0.0032,0.9566
234,7.8,stop,0.9549,0.0021,0.0248,0.0149,0.0032,0.9549
236,7.867,stop,0.9519,0.0024,0.0268,0.0157,0.0032,0.9519
238,7.933,stop,0.9479,0.0031,0.0296,0.0163,0.0031,0.9479
240,8.0,stop,0.9424,0.0041,0.0338,0.0167,0.0029,0.9424
242,8.067,stop,0.9378,0.0047,0.0385,0.0162,0.0029,0.9378
244,8.133,stop,0.9321,0.0056,0.0434,0.0162,0.0028,0.9321
246,8.2,stop,0.9280,0.0060,0.0473,0.0159,0.0028,0.9280
16,0.533,stop,0.8706,0.0030,0.1126,0.0092,0.0046,0.8706
18,0.6,stop,0.8701,0.0031,0.1129,0.0093,0.0046,0.8701
20,0.667,stop,0.8721,0.0031,0.1107,0.0095,0.0046,0.8721
22,0.733,stop,0.8737,0.0031,0.1088,0.0098,0.0046,0.8737
24,0.8,stop,0.8752,0.0031,0.1070,0.0100,0.0046,0.8752
26,0.867,stop,0.8774,0.0031,0.1044,0.0104,0.0047,0.8774
28,0.933,stop,0.8804,0.0030,0.1012,0.0108,0.0047,0.8804
30,1.0,stop,0.8823,0.0028,0.0989,0.0112,0.0048,0.8823
32,1.067,stop,0.8838,0.0028,0.0974,0.0114,0.0047,0.8838
34,1.133,stop,0.8820,0.0029,0.0988,0.0116,0.0047,0.8820
36,1.2,stop,0.8799,0.0030,0.1003,0.0121,0.0048,0.8799
38,1.267,stop,0.8764,0.0031,0.1034,0.0122,0.0049,0.8764
40,1.333,stop,0.8725,0.0033,0.1075,0.0119,0.0048,0.8725
42,1.4,stop,0.8693,0.0034,0.1109,0.0116,0.0048,0.8693
44,1.467,stop,0.8658,0.0035,0.1143,0.0115,0.0048,0.8658
46,1.533,stop,0.8631,0.0036,0.1172,0.0113,0.0048,0.8631
48,1.6,stop,0.8631,0.0034,0.1180,0.0107,0.0048,0.8631
16,0.533,stop,0.9611,0.0032,0.0273,0.0061,0.0023,0.9611
18,0.6,stop,0.9618,0.0031,0.0267,0.0061,0.0023,0.9618
20,0.667,stop,0.9622,0.0031,0.0264,0.0060,0.0022,0.9622
22,0.733,stop,0.9620,0.0030,0.0270,0.0057,0.0022,0.9620
24,0.8,stop,0.9619,0.0029,0.0276,0.0054,0.0023,0.9619
26,0.867,stop,0.9619,0.0027,0.0278,0.0052,0.0023,0.9619
28,0.933,stop,0.9613,0.0026,0.0288,0.0049,0.0024,0.9613
30,1.0,stop,0.9600,0.0025,0.0305,0.0045,0.0025,0.9600
32,1.067,stop,0.9586,0.0026,0.0317,0.0045,0.0026,0.9586
34,1.133,stop,0.9583,0.0026,0.0320,0.0046,0.0026,0.9583
36,1.2,stop,0.9576,0.0026,0.0326,0.0045,0.0026,0.9576
38,1.267,stop,0.9575,0.0027,0.0328,0.0045,0.0026,0.9575
40,1.333,stop,0.9571,0.0027,0.0331,0.0045,0.0025,0.9571
42,1.4,stop,0.9575,0.0026,0.0329,0.0045,0.0024,0.9575
44,1.467,stop,0.9581,0.0026,0.0324,0.0045,0.0024,0.9581
46,1.533,stop,0.9580,0.0026,0.0325,0.0045,0.0024,0.9580
48,1.6,stop,0.9572,0.0027,0.0332,0.0045,0.0024,0.9572
50,1.667,stop,0.9558,0.0029,0.0343,0.0046,0.0024,0.9558
52,1.733,stop,0.9548,0.0030,0.0351,0.0046,0.0025,0.9548
54,1.8,stop,0.9557,0.0030,0.0341,0.0046,0.0026,0.9557
16,0.533,stop,0.7568,0.0031,0.2111,0.0249,0.0040,0.7568
18,0.6,stop,0.7544,0.0032,0.2136,0.0247,0.0040,0.7544
20,0.667,stop,0.7533,0.0032,0.2142,0.0251,0.0041,0.7533
22,0.733,stop,0.7500,0.0032,0.2181,0.0247,0.0040,0.7500
24,0.8,stop,0.7460,0.0032,0.2223,0.0245,0.0039,0.7460
26,0.867,stop,0.7415,0.0033,0.2265,0.0247,0.0039,0.7415
28,0.933,stop,0.7382,0.0034,0.2297,0.0248,0.0039,0.7382
30,1.0,stop,0.7369,0.0034,0.2309,0.0249,0.0039,0.7369
32,1.067,stop,0.7392,0.0034,0.2284,0.0251,0.0039,0.7392
34,1.133,stop,0.7427,0.0033,0.2249,0.0252,0.0039,0.7427
36,1.2,stop,0.7525,0.0033,0.2148,0.0255,0.0040,0.7525
38,1.267,stop,0.7583,0.0032,0.2090,0.0254,0.0040,0.7583
40,1.333,stop,0.7620,0.0032,0.2050,0.0257,0.0040,0.7620
42,1.4,stop,0.7655,0.0032,0.2006,0.0265,0.0041,0.7655
44,1.467,stop,0.7664,0.0032,0.1995,0.0267,0.0041,0.7664
46,1.533,stop,0.7666,0.0033,0.1990,0.0270,0.0041,0.7666
48,1.6,stop,0.7664,0.0033,0.1991,0.0271,0.0041,0.7664
50,1.667,stop,0.7629,0.0032,0.2030,0.0267,0.0041,0.7629
52,1.733,stop,0.7628,0.0032,0.2029,0.0269,0.0041,0.7628
54,1.8,stop,0.7606,0.0033,0.2049,0.0271,0.0041,0.7606
56,1.867,stop,0.7586,0.0033,0.2068,0.0272,0.0041,0.7586
58,1.933,stop,0.7574,0.0033,0.2078,0.0273,0.0041,0.7574
60,2.0,stop,0.7555,0.0032,0.2103,0.0268,0.0041,0.7555
62,2.067,stop,0.7554,0.0032,0.2103,0.0269,0.0041,0.7554
64,2.133,stop,0.7578,0.0032,0.2079,0.0269,0.0041,0.7578
66,2.2,stop,0.7603,0.0031,0.2057,0.0267,0.0042,0.7603
68,2.267,stop,0.7629,0.0032,0.2030,0.0268,0.0042,0.7629
70,2.333,stop,0.7644,0.0031,0.2017,0.0266,0.0042,0.7644
72,2.4,stop,0.7654,0.0031,0.2010,0.0263,0.0041,0.7654
74,2.467,stop,0.7664,0.0031,0.2001,0.0262,0.0041,0.7664
76,2.533,stop,0.7654,0.0032,0.2012,0.0262,0.0041,0.7654
78,2.6,stop,0.7646,0.0032,0.2020,0.0261,0.0041,0.7646
80,2.667,stop,0.7646,0.0032,0.2020,0.0261,0.0040,0.7646
82,2.733,stop,0.7646,0.0033,0.2022,0.0259,0.0040,0.7646
84,2.8,stop,0.7656,0.0032,0.2018,0.0255,0.0039,0.7656
86,2.867,stop,0.7659,0.0032,0.2016,0.0254,0.0039,0.7659
88,2.933,stop,0.7661,0.0032,0.2014,0.0253,0.0039,0.7661
90,3.0,stop,0.7652,0.0032,0.2024,0.0252,0.0039,0.7652
92,3.067,stop,0.7631,0.0032,0.2050,0.0248,0.0039,0.7631
94,3.133,stop,0.7586,0.0032,0.2094,0.0248,0.0040,0.7586
96,3.2,stop,0.7558,0.0032,0.2124,0.0247,0.0040,0.7558
98,3.267,stop,0.7536,0.0032,0.2146,0.0247,0.0040,0.7536
100,3.333,stop,0.7498,0.0032,0.2183,0.0248,0.0040,0.7498
102,3.4,stop,0.7502,0.0031,0.2180,0.0247,0.0040,0.7502
104,3.467,stop,0.7484,0.0032,0.2199,0.0245,0.0040,0.7484
106,3.533,stop,0.7501,0.0031,0.2180,0.0248,0.0040,0.7501
108,3.6,stop,0.7511,0.0031,0.2171,0.0247,0.0040,0.7511
110,3.667,stop,0.7502,0.0032,0.2178,0.0248,0.0040,0.7502
112,3.733,stop,0.7509,0.0032,0.2170,0.0249,0.0040,0.7509
114,3.8,stop,0.7531,0.0031,0.2149,0.0248,0.0040,0.7531
116,3.867,stop,0.7545,0.0031,0.2133,0.0250,0.0040,0.7545
118,3.933,stop,0.7576,0.0031,0.2101,0.0252,0.0040,0.7576
120,4.0,stop,0.7613,0.0032,0.2059,0.0256,0.0040,0.7613
122,4.067,stop,0.7633,0.0031,0.2042,0.0253,0.0040,0.7633
124,4.133,stop,0.7648,0.0032,0.2026,0.0255,0.0040,0.7648
126,4.2,stop,0.7653,0.0032,0.2020,0.0255,0.0040,0.7653
128,4.267,stop,0.7649,0.0032,0.2027,0.0253,0.0039,0.7649
130,4.333,stop,0.7643,0.0032,0.2031,0.0254,0.0039,0.7643
132,4.4,stop,0.7636,0.0033,0.2039,0.0253,0.0039,0.7636
134,4.467,stop,0.7607,0.0034,0.2063,0.0257,0.0039,0.7607
136,4.533,stop,0.7597,0.0032,0.2082,0.0250,0.0038,0.7597
138,4.6,stop,0.7571,0.0032,0.2110,0.0249,0.0039,0.7571
140,4.667,stop,0.7558,0.0032,0.2124,0.0248,0.0039,0.7558
142,4.733,stop,0.7566,0.0031,0.2114,0.0249,0.0039,0.7566
144,4.8,stop,0.7574,0.0031,0.2108,0.0248,0.0039,0.7574
146,4.867,stop,0.7590,0.0031,0.2091,0.0249,0.0039,0.7590
148,4.933,stop,0.7605,0.0031,0.2074,0.0250,0.0039,0.7605
150,5.0,stop,0.7592,0.0032,0.2087,0.0250,0.0039,0.7592
152,5.067,stop,0.7604,0.0032,0.2077,0.0248,0.0039,0.7604
154,5.133,stop,0.7611,0.0033,0.2067,0.0250,0.0039,0.7611
156,5.2,stop,0.7624,0.0032,0.2055,0.0249,0.0039,0.7624
158,5.267,stop,0.7631,0.0032,0.2048,0.0249,0.0039,0.7631
160,5.333,stop,0.7661,0.0032,0.2022,0.0248,0.0039,0.7661
162,5.4,stop,0.7686,0.0031,0.2001,0.0244,0.0039,0.7686
164,5.467,stop,0.7732,0.0031,0.1953,0.0246,0.0039,0.7732
166,5.533,stop,0.7754,0.0031,0.1925,0.0250,0.0039,0.7754
168,5.6,stop,0.7770,0.0032,0.1907,0.0252,0.0039,0.7770
170,5.667,stop,0.7785,0.0032,0.1892,0.0252,0.0039,0.7785
172,5.733,stop,0.7793,0.0032,0.1885,0.0252,0.0038,0.7793
174,5.8,stop,0.7776,0.0033,0.1902,0.0252,0.0038,0.7776
176,5.867,stop,0.7768,0.0033,0.1911,0.0250,0.0038,0.7768
178,5.933,stop,0.7762,0.0033,0.1916,0.0251,0.0038,0.7762
180,6.0,stop,0.7754,0.0032,0.1925,0.0251,0.0038,0.7754
182,6.067,stop,0.7747,0.0032,0.1931,0.0252,0.0038,0.7747
184,6.133,stop,0.7753,0.0032,0.1923,0.0254,0.0039,0.7753
186,6.2,stop,0.7785,0.0032,0.1889,0.0255,0.0039,0.7785
188,6.267,stop,0.7794,0.0032,0.1878,0.0257,0.0039,0.7794
190,6.333,stop,0.7811,0.0032,0.1858,0.0259,0.0039,0.7811
192,6.4,stop,0.7833,0.0032,0.1836,0.0260,0.0040,0.7833
194,6.467,stop,0.7842,0.0032,0.1823,0.0263,0.0040,0.7842
196,6.533,stop,0.7842,0.0032,0.1828,0.0259,0.0039,0.7842
198,6.6,stop,0.7829,0.0032,0.1843,0.0257,0.0039,0.7829
200,6.667,stop,0.7817,0.0032,0.1857,0.0254,0.0039,0.7817
202,6.733,stop,0.7781,0.0032,0.1893,0.0255,0.0039,0.7781
204,6.8,stop,0.7757,0.0033,0.1916,0.0256,0.0039,0.7757
206,6.867,stop,0.7737,0.0032,0.1942,0.0251,0.0039,0.7737
208,6.933,stop,0.7735,0.0031,0.1946,0.0249,0.0039,0.7735
210,7.0,stop,0.7709,0.0031,0.1975,0.0246,0.0038,0.7709
212,7.067,stop,0.7715,0.0031,0.1968,0.0247,0.0038,0.7715
214,7.133,stop,0.7706,0.0032,0.1976,0.0247,0.0039,0.7706
216,7.2,stop,0.7705,0.0032,0.1975,0.0249,0.0039,0.7705
218,7.267,stop,0.7704,0.0032,0.1973,0.0252,0.0039,0.7704
220,7.333,stop,0.7711,0.0032,0.1968,0.0250,0.0038,0.7711
222,7.4,stop,0.7742,0.0032,0.1939,0.0249,0.0039,0.7742
224,7.467,stop,0.7753,0.0032,0.1929,0.0248,0.0038,0.7753
226,7.533,stop,0.7774,0.0031,0.1905,0.0250,0.0039,0.7774
228,7.6,stop,0.7785,0.0031,0.1896,0.0249,0.0039,0.7785
230,7.667,stop,0.7775,0.0031,0.1906,0.0248,0.0039,0.7775
232,7.733,stop,0.7781,0.0031,0.1897,0.0251,0.0039,0.7781
234,7.8,stop,0.7754,0.0031,0.1926,0.0250,0.0039,0.7754
236,7.867,stop,0.7742,0.0031,0.1937,0.0251,0.0039,0.7742
238,7.933,stop,0.7722,0.0032,0.1957,0.0252,0.0039,0.7722
240,8.0,stop,0.7718,0.0032,0.1959,0.0253,0.0039,0.7718
242,8.067,stop,0.7702,0.0031,0.1978,0.0250,0.0038,0.7702
244,8.133,stop,0.7703,0.0032,0.1973,0.0253,0.0039,0.7703
246,8.2,stop,0.7720,0.0032,0.1956,0.0253,0.0039,0.7720
248,8.267,stop,0.7713,0.0031,0.1967,0.0250,0.0039,0.7713
250,8.333,stop,0.7736,0.0031,0.1940,0.0253,0.0039,0.7736
252,8.4,stop,0.7752,0.0031,0.1921,0.0256,0.0040,0.7752
254,8.467,stop,0.7749,0.0032,0.1918,0.0261,0.0040,0.7749
256,8.533,stop,0.7766,0.0031,0.1909,0.0254,0.0040,0.7766
258,8.6,stop,0.7765,0.0031,0.1910,0.0254,0.0039,0.7765
260,8.667,stop,0.7769,0.0031,0.1905,0.0256,0.0039,0.7769
262,8.733,stop,0.7784,0.0032,0.1887,0.0258,0.0039,0.7784
264,8.8,stop,0.7798,0.0032,0.1871,0.0259,0.0038,0.7798
266,8.867,stop,0.7799,0.0033,0.1870,0.0260,0.0038,0.7799
268,8.933,stop,0.7805,0.0033,0.1865,0.0259,0.0038,0.7805
270,9.0,stop,0.7809,0.0033,0.1863,0.0257,0.0038,0.7809
272,9.067,stop,0.7811,0.0033,0.1865,0.0254,0.0038,0.7811
274,9.133,stop,0.7805,0.0033,0.1875,0.0251,0.0037,0.7805
276,9.2,stop,0.7805,0.0033,0.1871,0.0253,0.0038,0.7805
278,9.267,stop,0.7781,0.0032,0.1903,0.0247,0.0038,0.7781
280,9.333,stop,0.7766,0.0032,0.1919,0.0246,0.0038,0.7766
282,9.4,stop,0.7747,0.0032,0.1940,0.0243,0.0038,0.7747
284,9.467,stop,0.7713,0.0032,0.1975,0.0241,0.0039,0.7713
16,0.533,stop,0.9407,0.0085,0.0082,0.0043,0.0383,0.9407
18,0.6,stop,0.9403,0.0085,0.0081,0.0043,0.0388,0.9403
20,0.667,stop,0.9443,0.0089,0.0079,0.0040,0.0348,0.9443
22,0.733,stop,0.9517,0.0077,0.0073,0.0039,0.0294,0.9517
24,0.8,stop,0.9653,0.0059,0.0063,0.0030,0.0194,0.9653
26,0.867,stop,0.9656,0.0060,0.0063,0.0031,0.0190,0.9656
28,0.933,stop,0.9657,0.0064,0.0064,0.0032,0.0183,0.9657
30,1.0,stop,0.9657,0.0070,0.0065,0.0034,0.0174,0.9657
32,1.067,stop,0.9659,0.0073,0.0066,0.0035,0.0168,0.9659
34,1.133,stop,0.9662,0.0075,0.0066,0.0036,0.0159,0.9662
36,1.2,stop,0.9659,0.0079,0.0068,0.0037,0.0158,0.9659
38,1.267,stop,0.9656,0.0080,0.0068,0.0037,0.0159,0.9656
40,1.333,stop,0.9658,0.0080,0.0068,0.0036,0.0158,0.9658
42,1.4,stop,0.9658,0.0079,0.0068,0.0036,0.0160,0.9658
44,1.467,stop,0.9651,0.0085,0.0070,0.0036,0.0159,0.9651
46,1.533,stop,0.9644,0.0091,0.0071,0.0038,0.0156,0.9644
48,1.6,stop,0.9642,0.0090,0.0071,0.0038,0.0159,0.9642
50,1.667,stop,0.9641,0.0086,0.0070,0.0038,0.0164,0.9641
52,1.733,stop,0.9639,0.0084,0.0069,0.0038,0.0170,0.9639
54,1.8,stop,0.9638,0.0083,0.0068,0.0038,0.0174,0.9638
56,1.867,stop,0.9637,0.0082,0.0068,0.0036,0.0177,0.9637
58,1.933,stop,0.9631,0.0084,0.0068,0.0036,0.0181,0.9631
60,2.0,stop,0.9623,0.0088,0.0069,0.0035,0.0185,0.9623
62,2.067,stop,0.9609,0.0101,0.0072,0.0037,0.0182,0.9609
64,2.133,stop,0.9609,0.0105,0.0073,0.0036,0.0177,0.9609
66,2.2,stop,0.9615,0.0099,0.0071,0.0036,0.0178,0.9615
68,2.267,stop,0.9617,0.0101,0.0071,0.0036,0.0175,0.9617
70,2.333,stop,0.9624,0.0099,0.0071,0.0036,0.0171,0.9624
72,2.4,stop,0.9629,0.0098,0.0070,0.0036,0.0167,0.9629
74,2.467,stop,0.9634,0.0096,0.0070,0.0036,0.0164,0.9634
76,2.533,stop,0.9640,0.0093,0.0069,0.0036,0.0163,0.9640
78,2.6,stop,0.9643,0.0093,0.0069,0.0036,0.0159,0.9643
80,2.667,stop,0.9649,0.0089,0.0068,0.0035,0.0159,0.9649
82,2.733,stop,0.9653,0.0085,0.0067,0.0035,0.0160,0.9653
84,2.8,stop,0.9654,0.0081,0.0066,0.0034,0.0164,0.9654
86,2.867,stop,0.9653,0.0080,0.0066,0.0034,0.0166,0.9653
88,2.933,stop,0.9651,0.0082,0.0067,0.0034,0.0166,0.9651
90,3.0,stop,0.9630,0.0086,0.0069,0.0037,0.0178,0.9630
16,0.533,stop,0.9868,0.0009,0.0044,0.0033,0.0047,0.9868
18,0.6,stop,0.9875,0.0009,0.0041,0.0031,0.0044,0.9875
20,0.667,stop,0.9895,0.0007,0.0036,0.0024,0.0037,0.9895
22,0.733,stop,0.9913,0.0006,0.0033,0.0021,0.0027,0.9913
24,0.8,stop,0.9909,0.0006,0.0034,0.0022,0.0029,0.9909
26,0.867,stop,0.9902,0.0007,0.0036,0.0022,0.0033,0.9902
28,0.933,stop,0.9873,0.0009,0.0043,0.0026,0.0049,0.9873
30,1.0,stop,0.9819,0.0013,0.0058,0.0032,0.0079,0.9819
32,1.067,stop,0.9781,0.0016,0.0070,0.0032,0.0101,0.9781
34,1.133,stop,0.9752,0.0019,0.0080,0.0030,0.0119,0.9752
36,1.2,stop,0.9733,0.0022,0.0089,0.0029,0.0128,0.9733
38,1.267,stop,0.9736,0.0024,0.0096,0.0027,0.0117,0.9736
40,1.333,stop,0.9740,0.0027,0.0099,0.0025,0.0109,0.9740
42,1.4,stop,0.9795,0.0022,0.0088,0.0019,0.0077,0.9795
44,1.467,stop,0.9844,0.0017,0.0076,0.0014,0.0048,0.9844
46,1.533,stop,0.9851,0.0018,0.0073,0.0015,0.0043,0.9851
48,1.6,stop,0.9852,0.0019,0.0074,0.0016,0.0039,0.9852
50,1.667,stop,0.9849,0.0020,0.0075,0.0017,0.0039,0.9849
52,1.733,stop,0.9844,0.0022,0.0076,0.0019,0.0039,0.9844
54,1.8,stop,0.9843,0.0023,0.0077,0.0019,0.0038,0.9843
56,1.867,stop,0.9839,0.0025,0.0078,0.0021,0.0036,0.9839
58,1.933,stop,0.9827,0.0026,0.0082,0.0021,0.0044,0.9827
60,2.0,stop,0.9797,0.0026,0.0087,0.0023,0.0067,0.9797
62,2.067,stop,0.9780,0.0025,0.0091,0.0024,0.0081,0.9780
64,2.133,stop,0.9774,0.0024,0.0091,0.0024,0.0087,0.9774
66,2.2,stop,0.9774,0.0023,0.0091,0.0023,0.0090,0.9774
68,2.267,stop,0.9776,0.0023,0.0090,0.0023,0.0089,0.9776
70,2.333,stop,0.9774,0.0024,0.0089,0.0024,0.0089,0.9774
72,2.4,stop,0.9787,0.0024,0.0086,0.0025,0.0078,0.9787
74,2.467,stop,0.9842,0.0021,0.0076,0.0021,0.0040,0.9842
76,2.533,stop,0.9843,0.0020,0.0076,0.0020,0.0040,0.9843
78,2.6,stop,0.9845,0.0019,0.0077,0.0019,0.0040,0.9845
80,2.667,stop,0.9846,0.0019,0.0076,0.0018,0.0040,0.9846
82,2.733,stop,0.9848,0.0019,0.0075,0.0018,0.0040,0.9848
84,2.8,stop,0.9851,0.0018,0.0075,0.0016,0.0039,0.9851
86,2.867,stop,0.9850,0.0018,0.0076,0.0017,0.0038,0.9850
88,2.933,stop,0.9848,0.0019,0.0078,0.0017,0.0038,0.9848
90,3.0,stop,0.9845,0.0020,0.0079,0.0017,0.0039,0.9845
92,3.067,stop,0.9841,0.0020,0.0081,0.0017,0.0041,0.9841
94,3.133,stop,0.9838,0.0020,0.0082,0.0017,0.0043,0.9838
96,3.2,stop,0.9837,0.0020,0.0082,0.0016,0.0045,0.9837
98,3.267,stop,0.9842,0.0018,0.0081,0.0014,0.0045,0.9842
100,3.333,stop,0.9843,0.0017,0.0079,0.0014,0.0046,0.9843
102,3.4,stop,0.9848,0.0016,0.0076,0.0013,0.0046,0.9848
104,3.467,stop,0.9850,0.0017,0.0075,0.0014,0.0045,0.9850
106,3.533,stop,0.9858,0.0016,0.0070,0.0014,0.0041,0.9858
108,3.6,stop,0.9864,0.0015,0.0066,0.0014,0.0040,0.9864
110,3.667,stop,0.9874,0.0014,0.0061,0.0014,0.0037,0.9874
112,3.733,stop,0.9879,0.0013,0.0058,0.0014,0.0036,0.9879
114,3.8,stop,0.9886,0.0012,0.0055,0.0013,0.0035,0.9886
116,3.867,stop,0.9891,0.0011,0.0052,0.0012,0.0034,0.9891
118,3.933,stop,0.9892,0.0011,0.0051,0.0012,0.0034,0.9892
120,4.0,stop,0.9848,0.0017,0.0063,0.0021,0.0052,0.9848
122,4.067,stop,0.9809,0.0021,0.0073,0.0027,0.0070,0.9809
124,4.133,stop,0.9786,0.0023,0.0079,0.0029,0.0083,0.9786
126,4.2,stop,0.9784,0.0023,0.0079,0.0029,0.0086,0.9784
128,4.267,stop,0.9781,0.0023,0.0080,0.0029,0.0087,0.9781
130,4.333,stop,0.9784,0.0022,0.0079,0.0027,0.0088,0.9784
132,4.4,stop,0.9808,0.0018,0.0073,0.0023,0.0078,0.9808
134,4.467,stop,0.9857,0.0015,0.0060,0.0016,0.0052,0.9857
136,4.533,stop,0.9892,0.0011,0.0051,0.0014,0.0031,0.9892
138,4.6,stop,0.9892,0.0012,0.0051,0.0014,0.0031,0.9892
140,4.667,stop,0.9890,0.0012,0.0052,0.0014,0.0032,0.9890
142,4.733,stop,0.9888,0.0012,0.0053,0.0013,0.0034,0.9888
144,4.8,stop,0.9886,0.0012,0.0054,0.0013,0.0035,0.9886
146,4.867,stop,0.9882,0.0012,0.0055,0.0013,0.0038,0.9882
148,4.933,stop,0.9854,0.0015,0.0062,0.0017,0.0052,0.9854
150,5.0,stop,0.9796,0.0020,0.0076,0.0021,0.0087,0.9796
152,5.067,stop,0.9746,0.0026,0.0090,0.0027,0.0112,0.9746
154,5.133,stop,0.9692,0.0031,0.0106,0.0030,0.0141,0.9692
156,5.2,stop,0.9310,0.0048,0.0137,0.0045,0.0459,0.9310
158,5.267,stop,0.8539,0.0066,0.0164,0.0057,0.1174,0.8539
160,5.333,stop,0.7949,0.0074,0.0181,0.0060,0.1736,0.7949
162,5.4,stop,0.8316,0.0071,0.0190,0.0056,0.1366,0.8316
164,5.467,stop,0.9075,0.0068,0.0189,0.0048,0.0619,0.9075
166,5.533,stop,0.9128,0.0072,0.0193,0.0047,0.0560,0.9128
168,5.6,stop,0.9336,0.0072,0.0181,0.0044,0.0367,0.9336
170,5.667,stop,0.9520,0.0067,0.0174,0.0038,0.0202,0.9520
172,5.733,stop,0.9716,0.0053,0.0148,0.0031,0.0052,0.9716
174,5.8,stop,0.9703,0.0054,0.0156,0.0033,0.0055,0.9703
176,5.867,stop,0.9686,0.0056,0.0165,0.0034,0.0058,0.9686
178,5.933,stop,0.9668,0.0062,0.0176,0.0035,0.0058,0.9668
180,6.0,stop,0.9658,0.0066,0.0182,0.0036,0.0058,0.9658
182,6.067,stop,0.9652,0.0068,0.0184,0.0036,0.0059,0.9652
184,6.133,stop,0.9651,0.0071,0.0186,0.0036,0.0056,0.9651
186,6.2,stop,0.9646,0.0074,0.0186,0.0037,0.0057,0.9646
188,6.267,stop,0.9643,0.0076,0.0185,0.0038,0.0057,0.9643
190,6.333,stop,0.9646,0.0076,0.0183,0.0037,0.0058,0.9646
192,6.4,stop,0.9652,0.0072,0.0180,0.0036,0.0060,0.9652
194,6.467,stop,0.9660,0.0068,0.0177,0.0034,0.0061,0.9660
196,6.533,stop,0.9668,0.0064,0.0175,0.0032,0.0062,0.9668
198,6.6,stop,0.9675,0.0061,0.0171,0.0030,0.0063,0.9675
200,6.667,stop,0.9677,0.0060,0.0171,0.0030,0.0061,0.9677
202,6.733,stop,0.9671,0.0063,0.0174,0.0031,0.0060,0.9671
204,6.8,stop,0.9663,0.0067,0.0176,0.0033,0.0060,0.9663
206,6.867,stop,0.9658,0.0071,0.0176,0.0035,0.0059,0.9658
208,6.933,stop,0.9643,0.0079,0.0178,0.0039,0.0060,0.9643
210,7.0,stop,0.9640,0.0079,0.0179,0.0040,0.0061,0.9640
212,7.067,stop,0.9645,0.0074,0.0182,0.0037,0.0062,0.9645
214,7.133,stop,0.9647,0.0073,0.0181,0.0036,0.0063,0.9647
216,7.2,stop,0.9652,0.0070,0.0181,0.0033,0.0065,0.9652
218,7.267,stop,0.9665,0.0065,0.0174,0.0031,0.0064,0.9665
220,7.333,stop,0.9670,0.0062,0.0172,0.0029,0.0067,0.9670
222,7.4,stop,0.9678,0.0060,0.0170,0.0027,0.0065,0.9678
224,7.467,stop,0.9681,0.0060,0.0166,0.0027,0.0067,0.9681
226,7.533,stop,0.9681,0.0061,0.0164,0.0028,0.0066,0.9681
228,7.6,stop,0.9681,0.0063,0.0161,0.0030,0.0064,0.9681
